# Input file: /home/rlomba/cupy/pictures/run.nc
# std_scale: 1.0
# min_pts: 5
# cluster_id num_points center_x center_y gyration_radius lambda1 lambda2 relation_between_lambdas
0 277 3695.546631 3455.574219 28.184269 116826.265625 103209.531250 1.131933
1 368 326.252472 3682.424316 31.580622 201879.359375 165140.156250 1.222473
2 340 4193.170898 173.887512 30.540373 170835.281250 146287.593750 1.167804
3 221 3435.711426 23.088808 26.861597 109742.296875 49719.242188 2.207240
4 369 393.380341 2517.087402 31.574821 192372.734375 175508.968750 1.096085
5 350 3332.855225 3494.009033 30.877310 171770.000000 161922.875000 1.060814
6 216 22.182110 1449.140137 26.692150 111747.304688 42146.406250 2.651408
7 131 62.570950 4456.849121 23.015249 55453.085938 13937.839844 3.978600
8 263 4275.581055 3726.683594 28.559160 109363.812500 105145.734375 1.040116
9 306 1033.656494 630.592712 29.788681 142206.531250 129327.312500 1.099586
10 360 4210.280762 4344.426270 31.597624 197365.062500 162062.468750 1.217833
11 353 878.440125 4227.378906 31.199717 172729.921875 170888.140625 1.010778
12 261 3885.268311 707.347107 28.731440 117093.398438 98360.960938 1.190446
13 335 4257.609863 1451.232666 30.880188 172190.718750 147260.593750 1.169293
14 317 4011.006592 4066.979004 29.626049 145212.531250 133019.265625 1.091665
15 399 134.543182 3721.240234 32.084148 206988.093750 203739.593750 1.015944
16 380 1630.825684 3296.002441 32.105331 205130.031250 186555.812500 1.099564
17 394 4288.819824 3973.602539 32.316715 212544.734375 198937.078125 1.068402
18 380 168.617950 3341.199219 32.209213 212050.140625 182174.531250 1.163994
19 365 82.303284 4230.991699 31.356667 188751.140625 170131.656250 1.109442
20 374 4115.070312 2935.142090 31.948053 209806.843750 171926.765625 1.220327
21 278 4436.168457 3652.326660 27.761797 117258.039062 97001.375000 1.208829
22 214 392.265472 4438.284668 25.901026 78441.492188 65123.210938 1.204509
23 170 4069.124756 4453.397461 24.674360 77912.304688 25587.779297 3.044903
24 234 3217.537354 4127.072266 27.297026 92046.125000 82313.750000 1.118235
25 321 4422.435547 2070.559814 30.125059 152095.765625 139217.906250 1.092501
26 429 875.067932 3938.103516 33.271988 247651.234375 227262.578125 1.089714
27 304 147.472931 2684.086914 29.852932 142556.203125 128367.867188 1.110529
28 330 1436.412231 4109.557617 30.416491 159563.468750 145740.265625 1.094848
29 310 434.755951 463.348236 29.528738 138715.859375 131587.500000 1.054172
30 313 1151.548584 4417.012207 30.169621 152413.421875 132481.062500 1.150454
31 222 1499.243896 296.878052 27.466139 86668.007812 80806.296875 1.072540
32 268 1161.054810 1906.734741 27.782825 106727.953125 100137.328125 1.065816
33 324 2441.067871 321.470306 30.549179 156792.078125 145581.656250 1.077004
34 307 3378.095215 798.094543 29.394482 139059.640625 126199.273438 1.101905
35 364 578.255615 4337.626465 31.869434 194711.671875 174988.859375 1.112709
36 303 187.586533 4087.285889 29.729992 139071.109375 128742.226562 1.080229
37 238 675.139221 3101.347168 27.530361 102734.578125 77650.554688 1.323037
38 431 1583.669800 3723.446533 33.212421 251639.109375 223781.906250 1.124484
39 437 4046.228516 4251.987793 33.633408 270834.000000 223503.046875 1.211769
40 323 952.346680 3702.020752 30.091705 149815.125000 142664.828125 1.050120
41 214 24.510700 403.156158 26.054413 96656.531250 48613.617188 1.988260
42 369 799.668335 4398.251953 31.498243 190566.875000 175532.546875 1.085650
43 438 345.023163 630.921692 33.513252 254163.437500 237771.000000 1.068942
44 262 4429.600098 587.252319 28.150465 112417.031250 95204.515625 1.180795
45 352 1176.544067 497.013092 30.604263 175287.421875 154403.156250 1.135258
46 93 732.846375 2957.982910 20.292324 21000.035156 17295.359375 1.214201
47 322 366.454468 254.137253 30.348507 150332.796875 146239.468750 1.027991
48 380 478.752228 3838.191895 31.941534 203197.203125 184502.203125 1.101327
49 311 281.232880 835.087769 30.129093 155173.843750 127140.195312 1.220494
50 247 1218.566406 660.841309 27.316553 103733.773438 80576.171875 1.287400
51 290 1641.885620 3544.371094 29.006514 126719.601562 117279.976562 1.080488
52 160 4151.395508 1024.938599 23.531704 45601.078125 42997.492188 1.060552
53 305 1842.957153 3700.796387 29.538616 140007.140625 126114.460938 1.110159
54 331 822.542358 931.996277 30.389784 159241.687500 146449.703125 1.087347
55 326 1075.669556 811.447754 30.657608 153677.312500 152726.468750 1.006226
56 299 4434.923828 779.010376 29.125072 143469.390625 110163.304688 1.302334
57 371 1441.718140 960.270813 31.890072 202606.343750 174692.000000 1.159792
58 276 3269.204590 230.824844 29.019543 127567.390625 104861.562500 1.216532
59 318 569.017517 3230.553711 29.815231 153550.781250 129134.671875 1.189075
60 262 785.677979 608.880859 27.658798 106954.375000 93478.015625 1.144166
61 253 696.298706 1058.217285 28.071545 105471.523438 93895.398438 1.123287
62 417 1101.533325 130.840851 33.233742 243418.703125 217150.125000 1.120970
63 313 1414.365967 3649.858643 29.890776 147811.250000 131841.265625 1.121130
64 347 1172.530640 2911.496094 31.042850 174519.515625 159870.031250 1.091634
65 279 4189.003418 844.241760 29.059565 130618.773438 104985.093750 1.244165
66 326 2047.379883 231.988846 30.106617 152080.000000 143409.140625 1.060462
67 359 478.336365 769.789001 31.274046 182987.500000 168138.156250 1.088316
68 243 2166.299072 362.769958 26.972317 92330.000000 84453.921875 1.093259
69 298 883.135376 75.947502 29.528749 134970.031250 124870.179688 1.080883
70 301 3665.843994 4437.753418 28.882122 138348.796875 112738.460938 1.227166
71 316 638.441650 33.285652 28.951887 152931.250000 111943.687500 1.366145
72 319 572.428650 345.276062 29.991550 147815.671875 139122.625000 1.062485
73 365 1210.843994 3618.554199 31.909962 194993.875000 176665.796875 1.103744
74 223 773.271240 4084.754395 26.570225 84084.187500 73348.656250 1.146363
75 392 517.257874 179.137009 32.446472 209601.187500 203086.046875 1.032081
76 255 1918.164673 1131.062378 27.807388 105690.289062 91488.687500 1.155228
77 327 2007.126709 3683.072754 30.496935 158357.937500 145772.703125 1.086335
78 315 2202.581787 1080.685303 29.793634 142771.265625 136841.843750 1.043330
79 380 594.785095 3681.437256 32.409576 214896.546875 184248.078125 1.166344
80 318 4069.346924 480.911865 30.095554 152812.265625 135213.828125 1.130153
81 212 61.140537 21.983608 26.396994 104591.718750 43130.152344 2.425025
82 301 1989.654053 3503.689453 29.269255 139755.875000 118107.585938 1.183293
83 309 1090.872559 329.167267 30.412636 164370.531250 121432.359375 1.353598
84 290 967.287170 4388.802246 29.016804 127365.062500 116807.648438 1.090383
85 431 797.748352 3588.015137 33.211243 253467.765625 221919.437500 1.142161
86 396 1307.082153 4266.146973 32.257366 214356.000000 197696.906250 1.084266
87 334 1215.836548 4096.635742 30.431326 165407.562500 143898.343750 1.149475
88 317 1026.198486 3246.015625 29.988977 146873.468750 138216.906250 1.062630
89 276 1014.664978 986.089783 29.105022 124147.757812 109652.500000 1.132193
90 316 1258.569824 3882.604492 30.305618 145782.734375 144441.328125 1.009287
91 249 2724.858398 625.529968 27.981138 104892.468750 90060.617188 1.164687
92 344 1609.670898 4076.319824 30.825600 164503.656250 162371.187500 1.013133
93 382 1270.543091 233.043320 32.033302 203820.171875 188162.406250 1.083214
94 335 1525.756348 2874.076660 30.724367 163873.359375 152362.203125 1.075551
95 261 1731.925781 727.072021 28.130842 111548.382812 94992.460938 1.174287
96 322 2040.300903 3334.348633 30.278721 157323.125000 137886.796875 1.140959
97 328 1608.527832 517.665833 30.841459 163630.156250 148362.000000 1.102911
98 313 1957.330444 786.843872 30.108034 155391.656250 128340.890625 1.210773
99 423 893.768188 768.846802 33.309395 244222.015625 225103.156250 1.084934
100 417 1909.394165 4190.573242 33.074497 242628.453125 213537.187500 1.136235
101 343 2050.712891 534.800964 30.370310 170255.140625 146112.843750 1.165231
102 236 1326.042847 398.910583 27.243147 98174.046875 76982.570312 1.275276
103 256 1104.699463 4249.958984 28.303726 107382.765625 97699.062500 1.099118
104 361 2382.132080 3512.240967 31.351261 184327.375000 170500.078125 1.081098
105 253 702.767761 759.320496 28.222610 106541.960938 94976.523438 1.121772
106 327 143.016266 3529.792725 30.128063 162053.468750 134764.515625 1.202494
107 373 2076.654785 4281.585449 31.668560 189763.343750 184317.484375 1.029546
108 260 3736.327637 2579.427734 27.457275 102632.132812 93382.382812 1.099052
109 197 2061.206299 50.340950 25.415445 71067.875000 56183.261719 1.264930
110 293 1937.202515 382.964386 29.361387 128572.539062 124020.148438 1.036707
111 331 2687.077637 3629.321289 30.861286 163620.437500 151630.234375 1.079075
112 340 2081.654541 4106.517090 31.302309 183644.765625 149498.984375 1.228402
113 286 1876.169434 610.224792 29.416140 135652.750000 111825.718750 1.213073
114 232 2839.299805 3718.015381 27.515512 97843.000000 77804.992188 1.257542
115 434 2493.298340 3973.349365 33.434444 245989.234375 239162.859375 1.028543
116 357 1560.229248 4402.602539 31.575020 190711.937500 165210.609375 1.154356
117 290 3624.751221 3073.478027 28.910814 125668.960938 116723.242188 1.076640
118 401 3453.350830 3166.484375 32.405247 223234.171875 197855.921875 1.128266
119 134 3245.466797 4455.726074 22.884033 53621.066406 16551.919922 3.239568
120 381 3392.247803 3668.743652 31.767569 206680.531250 177816.453125 1.162325
121 211 2771.988037 107.294060 26.393002 77261.304688 69719.296875 1.108177
122 292 1884.580078 3233.730225 29.165382 135947.437500 112433.453125 1.209137
123 315 2749.955566 4401.860352 29.606075 160190.687500 115913.000000 1.381991
124 274 1759.783447 2933.624756 28.148724 113728.164062 103375.898438 1.100142
125 378 2260.578369 1489.179688 32.245441 203911.703125 189120.750000 1.078209
126 368 2213.010498 3989.200195 31.529665 196522.390625 169313.718750 1.160700
127 371 2502.782715 3643.566406 31.643740 191593.125000 179898.937500 1.065004
128 325 2306.948975 4200.407227 30.353031 152692.000000 146732.625000 1.040614
129 345 3353.515869 4006.510742 31.098085 174029.468750 159616.890625 1.090295
130 313 2894.955566 292.694183 30.097286 142608.593750 140921.421875 1.011972
131 298 2218.135010 4409.536621 29.489004 137822.453125 121318.765625 1.136036
132 410 2459.479004 4339.016602 32.477432 221989.296875 210472.000000 1.054721
133 338 2561.447021 651.816040 30.936380 172252.609375 151233.546875 1.138984
134 241 2909.839111 3561.113281 27.269602 96482.156250 82732.968750 1.166188
135 378 2490.921143 4153.276855 31.792921 204437.328125 177641.218750 1.150844
136 389 1238.467285 2187.732178 32.052414 202480.218750 197161.781250 1.026975
137 260 1750.465698 393.790741 27.934004 107056.789062 95823.453125 1.117229
138 219 2805.403809 3888.152832 26.002998 79224.828125 68853.320312 1.150632
139 336 3338.330566 4333.736816 30.717882 167873.968750 149171.703125 1.125374
140 113 2591.854980 21.467560 20.860144 31413.134766 17758.318359 1.768925
141 298 2907.387451 3143.050049 29.313925 137755.843750 118317.414062 1.164291
142 350 3432.562012 309.995789 30.965837 177129.968750 158479.109375 1.117687
143 356 2707.183105 291.342743 31.382521 194214.890625 156396.187500 1.241814
144 342 3109.775635 638.292603 30.952129 170495.781250 157151.937500 1.084911
145 367 3053.973389 1080.859985 31.451733 187647.578125 175393.031250 1.069869
146 332 2309.762207 695.330994 30.471554 158639.125000 149628.031250 1.060223
147 321 3485.065186 3397.994873 30.644588 163591.078125 137857.046875 1.186672
148 256 3952.640137 3582.358643 28.223003 105863.890625 98049.828125 1.079695
149 291 3817.629395 368.694672 29.102325 125981.296875 120479.812500 1.045663
150 316 4354.075684 3476.307373 29.741810 142838.812500 136686.968750 1.045007
151 310 1826.857544 907.541809 29.677309 145020.046875 128010.171875 1.132879
152 312 1699.405518 4237.057617 29.595484 146279.062500 126999.445312 1.151809
153 316 2993.492432 476.266846 29.619692 146451.703125 130783.359375 1.119804
154 368 2229.169922 3247.140137 31.281563 196962.718750 163138.609375 1.207334
155 314 3017.759033 3899.326172 29.941025 147019.203125 134470.796875 1.093317
156 338 2045.715088 3867.532715 31.291662 192739.921875 138218.906250 1.394454
157 293 3110.189941 322.901764 29.154646 135962.593750 113085.445312 1.202300
158 268 3003.726318 3426.914062 28.014101 106726.445312 103597.242188 1.030205
159 321 3200.772949 796.099609 30.202932 154954.421875 137867.281250 1.123939
160 423 3833.025391 3748.533691 33.402889 257624.640625 214338.859375 1.201950
161 316 2648.629395 4252.802734 29.889809 156818.218750 125496.398438 1.249583
162 321 2549.666504 180.108078 29.331522 151250.531250 124918.039062 1.210798
163 286 1872.964600 206.130966 28.390596 123676.937500 106846.492188 1.157520
164 468 3079.715820 3713.688965 34.467239 299021.500000 256958.109375 1.163697
165 265 2950.291748 4298.034668 28.792835 112440.187500 107252.078125 1.048373
166 308 3211.167480 1368.785767 29.541691 138121.250000 130673.882812 1.056992
167 350 3692.976807 3646.006104 31.227423 180266.609375 161036.546875 1.119414
168 366 2907.250732 637.076416 31.403246 184917.125000 176018.875000 1.050553
169 386 3010.608398 4078.081543 32.742249 223704.828125 190108.359375 1.176723
170 171 2940.169678 18.903425 24.026724 72653.390625 26062.087891 2.787704
171 181 2609.050537 445.009491 25.029957 59806.871094 53589.410156 1.116020
172 295 4024.808350 3255.051270 29.181025 134008.531250 117193.460938 1.143481
173 415 3639.738281 4171.199219 33.026184 245547.187500 207105.296875 1.185615
174 386 3851.156982 4210.826660 32.564842 215278.171875 194062.796875 1.109322
175 390 4130.268555 3869.761963 32.443882 220753.687500 189762.406250 1.163316
176 147 2938.233887 4454.262207 23.180758 59257.089844 19733.000000 3.002944
177 380 3415.965576 1398.361450 31.996334 208597.953125 180432.875000 1.156097
178 242 3151.083252 3553.439941 27.171215 97250.390625 81412.148438 1.194544
179 321 3218.268066 3846.482178 29.978735 152863.750000 135626.828125 1.127091
180 304 2247.612305 864.460510 29.737680 144399.015625 124437.203125 1.160417
181 367 2028.280151 1298.646118 31.584490 191582.468750 174529.390625 1.097709
182 316 3274.892334 437.949768 30.372501 156608.734375 134897.750000 1.160944
183 350 3017.000977 820.023987 31.500555 192857.734375 154442.015625 1.248739
184 300 2772.075684 1672.539185 30.001625 139822.921875 130206.335938 1.073856
185 309 3450.529297 4166.597168 29.195816 134201.921875 129188.343750 1.038808
186 292 2284.640137 256.466949 29.430920 139311.453125 113612.835938 1.226195
187 349 4394.551758 4353.015137 31.083138 175695.609375 161494.734375 1.087934
188 222 3092.204102 144.870422 26.637602 83250.992188 74271.734375 1.120897
189 297 3227.742676 2664.197754 29.442535 133137.656250 124320.632812 1.070922
190 273 2230.550049 545.563354 28.140987 115837.171875 100355.664062 1.154266
191 339 1762.356079 4420.481934 30.198784 167196.109375 141960.562500 1.177765
192 316 3687.711426 535.175171 30.015827 154007.500000 130692.648438 1.178395
193 248 4024.561035 3738.768799 27.462866 96236.359375 90807.484375 1.059784
194 381 3841.049561 905.148560 31.770996 195756.953125 188823.015625 1.036722
195 231 240.707092 453.772125 26.856892 89250.953125 77367.648438 1.153595
196 359 4134.653320 3118.117188 31.498375 185701.406250 170479.578125 1.089288
197 321 3165.265869 2859.119141 29.883354 146979.843750 139677.937500 1.052277
198 242 2685.779297 2302.543213 27.589365 101038.968750 83164.914062 1.214923
199 319 2670.516846 4025.116455 30.272015 149210.156250 143119.828125 1.042554
200 365 4342.469727 268.073608 31.273926 185871.078125 171120.250000 1.086202
201 393 3038.458008 2726.447998 32.342007 208310.406250 202769.750000 1.027325
202 128 4068.967773 16.599888 21.754038 43591.585938 16982.898438 2.566793
203 305 3549.954834 3990.922119 29.721132 144441.281250 124979.164062 1.155723
204 283 261.124817 90.785881 29.161324 126891.562500 113766.757812 1.115366
205 212 4176.690918 340.053497 25.933832 77219.148438 65364.347656 1.181365
206 342 3976.012207 150.448822 30.849453 166544.984375 158932.562500 1.047897
207 93 3435.888672 4460.258789 21.231853 34955.921875 6967.694824 5.016856
208 339 3536.897949 3568.120117 30.921013 171409.609375 152711.359375 1.122442
209 344 3118.755127 4325.099609 30.836298 170348.156250 156753.609375 1.086726
210 285 299.256165 3470.759277 28.252823 126612.203125 100881.078125 1.255064
211 259 4158.971191 3587.029053 27.912497 104587.218750 97201.617188 1.075982
212 348 590.626343 915.922302 31.404732 175479.765625 167737.718750 1.046156
213 278 3719.177002 2295.272705 28.737118 118778.726562 110799.773438 1.072012
214 291 3566.437988 181.900528 29.516115 133203.765625 120315.734375 1.107118
215 256 91.574211 217.995300 28.043215 111150.507812 90173.500000 1.232630
216 250 3721.324219 1567.526123 28.521873 108879.367188 94494.953125 1.152224
217 284 3558.486572 3784.579590 29.264826 128818.796875 114407.328125 1.125966
218 338 3521.691162 1558.407349 30.642591 169964.843750 147406.468750 1.153035
219 325 436.032196 1816.167358 30.506611 159557.468750 142904.843750 1.116529
220 333 65.229103 1833.427979 30.695827 162613.578125 151150.296875 1.075840
221 155 104.496338 3906.025879 24.861069 51223.902344 44577.375000 1.149101
222 277 777.188721 1249.858887 29.443806 128737.703125 111404.046875 1.155593
223 323 501.494965 3524.913086 30.138212 157388.968750 135995.734375 1.157308
224 378 4313.473145 473.146484 31.727661 202983.203125 177528.421875 1.143384
225 293 360.433044 3118.721191 29.309933 132653.671875 119054.460938 1.114227
226 269 1235.304810 859.154907 28.567177 111475.210938 108051.289062 1.031688
227 349 4189.127930 4154.685059 31.165031 173626.734375 165342.687500 1.050102
228 278 687.133179 3942.883301 28.385252 118589.835938 105401.031250 1.125130
229 323 3758.292725 153.764572 30.336849 153980.640625 143284.140625 1.074652
230 227 4449.489746 3340.048340 26.242083 113214.796875 43108.035156 2.626304
231 310 397.383362 4052.311035 29.619335 147883.359375 124081.187500 1.191827
232 268 474.365051 1396.983154 28.645805 117636.523438 102279.507812 1.150148
233 306 3344.313232 631.599426 29.083870 138680.734375 120155.945312 1.154173
234 231 762.335205 216.035202 28.098053 100805.914062 81568.726562 1.235840
235 350 3463.872803 499.097412 31.140598 172670.406250 166737.484375 1.035582
236 306 3927.024902 3904.062012 30.129450 154571.375000 123210.460938 1.254531
237 264 4401.117676 3834.313965 27.928511 103341.171875 102579.265625 1.007427
238 317 348.324524 1524.462280 30.170216 151281.406250 137265.265625 1.102110
239 310 697.160461 464.237091 29.303408 139862.125000 126331.687500 1.107102
240 354 402.402710 2330.694336 30.992954 173383.812500 166655.562500 1.040372
241 383 4051.118652 663.915039 31.820492 217360.906250 170443.328125 1.275268
242 275 3621.384521 1405.592163 28.492975 114856.515625 108402.140625 1.059541
243 255 627.304565 3405.068359 28.274284 111000.664062 92855.312500 1.195415
244 363 138.144455 675.994507 32.217258 190965.078125 185811.437500 1.027736
245 303 1763.988647 1140.917603 29.944414 146516.234375 125174.156250 1.170499
246 245 233.752655 1057.673096 27.627439 106374.257812 80628.226562 1.319318
247 421 1655.144775 982.270264 33.390621 241077.562500 228309.453125 1.055925
248 353 381.281433 4231.352539 31.427210 180211.609375 168435.750000 1.069913
249 296 354.527954 1211.348267 29.240440 132135.156250 120945.828125 1.092515
250 302 1051.147339 3500.662842 29.618698 146143.171875 118791.554688 1.230249
251 311 1556.182861 134.601990 30.316538 157362.156250 128475.601562 1.224841
252 309 934.039978 249.073517 29.914356 152969.859375 123544.578125 1.238175
253 236 2391.077148 48.932522 26.835411 86815.320312 83137.539062 1.044237
254 346 4015.285156 856.121765 30.495893 166298.046875 155481.812500 1.069566
255 257 1252.764160 1565.883179 27.780010 103852.976562 94481.367188 1.099190
256 345 3837.009766 3194.037354 31.034731 172292.218750 159996.093750 1.076853
257 336 1219.637451 1186.272827 30.656155 165332.750000 150439.968750 1.098995
258 273 1107.817749 3769.596680 28.762680 120146.460938 105704.179688 1.136629
259 318 748.530029 3788.600342 30.273996 161551.718750 129900.015625 1.243662
260 338 561.907104 2418.493896 30.872229 163858.921875 158287.031250 1.035201
261 332 1491.426880 3907.420166 31.101055 169136.156250 151999.343750 1.112743
262 355 1375.321411 3011.132324 31.153646 175446.687500 169098.453125 1.037542
263 33 640.911865 4464.684570 16.988808 8553.298828 971.148254 8.807407
264 368 2019.806274 974.564331 31.830820 198430.953125 174427.031250 1.137616
265 302 1735.915894 1494.740112 29.376362 143655.000000 116962.132812 1.228218
266 319 950.683411 475.314392 30.319685 163494.875000 129756.507812 1.260013
267 330 2308.804199 2844.815674 30.502756 163031.843750 144006.140625 1.132117
268 392 1756.118408 3892.937012 32.456875 218947.593750 194004.343750 1.128571
269 382 1596.373291 3059.389404 32.063549 213641.640625 179081.546875 1.192985
270 257 2348.135010 1678.469482 28.330917 105899.632812 100379.070312 1.054997
271 309 1360.465332 76.349815 29.678219 137135.218750 135030.968750 1.015584
272 371 2431.430908 3333.799561 31.876009 199261.609375 177704.062500 1.121311
273 248 2397.653320 529.487854 27.716621 98648.031250 91868.328125 1.073798
274 389 1949.384033 1724.263062 32.632504 225862.234375 188376.234375 1.198995
275 346 2147.869629 2932.822266 30.789251 170860.109375 157140.296875 1.087309
276 233 1022.290771 4058.835205 26.778826 92866.398438 74219.179688 1.251245
277 353 2384.382812 3831.253662 31.494669 178436.859375 171708.843750 1.039183
278 208 1409.382080 780.129089 26.718409 87161.070312 61324.589844 1.421307
279 272 2841.680176 807.677124 28.749195 117583.437500 107228.960938 1.096564
280 53 2589.383301 4460.147461 17.585400 11929.434570 4460.619141 2.674390
281 339 4274.519531 687.319092 30.977758 183018.046875 142293.656250 1.286200
282 356 425.602448 1003.125793 31.747751 190546.359375 168273.046875 1.132364
283 268 3094.396484 1688.772827 28.235559 111999.109375 101663.039062 1.101670
284 167 3691.784180 698.295654 24.839699 55413.546875 47627.234375 1.163484
285 357 2069.389893 3150.274170 31.548124 201832.718750 153483.703125 1.315011
286 279 2046.338379 1479.426880 29.092628 127568.890625 108571.429688 1.174977
287 359 2846.315918 3334.130371 31.532227 194228.796875 162718.171875 1.193652
288 250 3894.873291 521.105774 27.659517 109051.242188 82210.968750 1.326481
289 341 3420.522705 1001.019165 31.394300 181716.921875 154373.406250 1.177126
290 228 3982.959961 1029.892456 27.129988 89586.546875 78229.718750 1.145173
291 378 4413.963867 1280.214233 32.032772 209442.171875 178423.078125 1.173851
292 368 3514.237793 687.251526 31.457970 184959.546875 179214.656250 1.032056
293 286 4117.105469 1228.333862 29.010780 131232.953125 109471.890625 1.198782
294 337 91.894035 907.126709 30.937073 165353.046875 157190.484375 1.051928
295 292 3292.471191 3270.701172 29.148607 131357.750000 116737.500000 1.125240
296 231 4451.363281 3057.195801 27.952383 135280.296875 45208.246094 2.992381
297 227 3903.878906 3371.699463 27.192934 87412.921875 80443.500000 1.086637
298 310 3695.744873 3875.037109 29.695473 142013.375000 131351.187500 1.081173
299 250 3613.791504 374.060944 27.840492 99197.328125 94575.914062 1.048865
300 114 3243.746826 13.976893 22.724520 47858.378906 11011.649414 4.346159
301 304 2641.170654 3822.207031 29.670305 144920.562500 122698.843750 1.181108
302 182 4436.144043 4090.694336 24.913479 57500.152344 55463.871094 1.036714
303 249 3990.790771 318.976562 28.131643 110354.226562 86701.734375 1.272803
304 264 2876.918701 976.118896 27.934345 106783.296875 99223.210938 1.076193
305 200 3208.465332 3111.223145 25.739597 68735.429688 63769.941406 1.077866
306 287 3654.312744 3267.585205 28.986300 126079.757812 115059.218750 1.095781
307 205 109.085663 1201.841064 26.269049 75728.406250 65734.492188 1.152035
308 294 3028.939697 1429.043213 29.944258 145598.765625 118018.851562 1.233691
309 268 2132.398438 722.434753 28.369436 113262.210938 102430.882812 1.105743
310 411 216.452682 1381.758423 33.011440 240823.828125 207065.578125 1.163032
311 240 3404.699463 2633.972656 27.502968 99259.718750 82279.453125 1.206373
312 310 3028.453369 2549.608154 30.184875 148617.968750 133831.312500 1.110487
313 62 4461.768066 407.335297 21.127432 24088.740234 3586.100830 6.717251
314 98 4458.501953 1053.081421 20.356663 31321.232422 9289.350586 3.371735
315 220 1065.056274 1381.249268 27.167459 85759.023438 76616.578125 1.119327
316 422 279.335571 3867.509766 33.500896 244936.546875 228678.312500 1.071097
317 290 3758.954834 1071.103760 28.968843 128851.898438 114514.312500 1.125203
318 341 3519.272949 2433.762939 30.754044 171042.734375 151478.875000 1.129152
319 284 1206.336792 3285.761719 29.307083 133102.171875 110826.875000 1.200992
320 346 143.615707 3143.279297 31.572580 183201.375000 161701.046875 1.132963
321 268 1554.570068 692.723877 28.739477 116495.101562 104861.531250 1.110942
322 323 4027.407715 1423.317993 30.531992 157462.812500 143638.593750 1.096243
323 131 4378.668457 95.061211 23.673853 43731.207031 29687.914062 1.473031
324 266 1174.569092 3118.113770 28.511765 115561.656250 100675.242188 1.147866
325 254 898.421082 3386.862793 27.719559 106326.187500 88840.789062 1.196817
326 76 4461.567383 2564.503418 19.512171 24060.730469 4874.354004 4.936189
327 246 1231.790161 2396.591553 27.272671 99139.132812 83835.312500 1.182546
328 396 2757.102783 1412.178345 32.538090 218428.328125 200827.656250 1.087641
329 340 1387.496216 1156.722778 30.463879 164495.500000 151040.781250 1.089080
330 340 891.619263 1479.301270 30.958626 169479.093750 156389.312500 1.083700
331 276 1638.605835 1336.288452 28.343651 115129.710938 106598.343750 1.080033
332 358 1242.386475 2607.119385 31.523899 189688.312500 166076.421875 1.142175
333 267 1702.568237 229.061127 28.335936 108859.585938 105521.445312 1.031635
334 235 3395.757568 2799.511230 26.927452 87258.359375 83137.242188 1.049570
335 248 2727.694336 1022.930481 28.367235 103409.687500 96155.929688 1.075437
336 260 1373.916992 3287.932861 27.919138 110586.453125 92077.898438 1.201010
337 260 3283.450439 1148.759644 27.990492 105410.976562 98290.601562 1.072442
338 267 599.526428 4154.416504 28.087055 109341.835938 101289.820312 1.079495
339 349 2808.059570 454.028778 31.155998 173619.468750 165153.500000 1.051261
340 246 2819.507324 4168.891602 27.482788 97864.140625 87940.546875 1.112844
341 262 2233.459961 1315.660645 28.550451 115510.359375 98053.234375 1.178037
342 222 3934.179932 1192.702026 26.357973 80922.062500 73310.835938 1.103821
343 331 2957.463623 2933.298584 30.503647 159633.765625 148352.640625 1.076043
344 296 2678.435547 3421.167725 29.380186 132628.234375 122877.601562 1.079352
345 350 4071.024414 3429.555420 30.835054 172599.000000 160181.203125 1.077523
346 298 2728.383057 3140.014404 29.182367 137636.437500 116143.500000 1.185055
347 269 4245.096191 3327.738037 28.075296 110121.101562 101910.695312 1.080565
348 316 3350.537354 3013.165771 29.800465 146964.234375 133665.156250 1.099496
349 341 3652.013184 1885.390259 30.631380 167367.875000 152586.078125 1.096875
350 322 3595.668213 942.561584 30.748804 166619.343750 137828.093750 1.208892
351 285 4098.900879 2202.225342 28.984753 123003.070312 116429.953125 1.056455
352 196 3889.846191 1624.538940 26.154268 71642.742188 62430.226562 1.147565
353 358 4175.408203 1789.344482 31.129900 182171.328125 164755.953125 1.105704
354 321 2590.058594 3239.398926 30.048130 157193.015625 132634.718750 1.185157
355 307 755.590698 3254.516357 30.086203 154560.250000 123329.882812 1.253226
356 220 585.495117 577.427368 26.543255 82375.789062 72623.968750 1.134278
357 333 4271.840820 2994.582520 30.922411 170313.500000 148099.593750 1.149993
358 386 85.244461 1654.293579 32.361698 209056.781250 195193.156250 1.071025
359 268 866.164368 1107.504272 28.338949 113188.382812 102041.367188 1.109240
360 317 4355.753906 924.927612 30.682276 155634.625000 142789.828125 1.089956
361 346 986.076477 2964.940674 30.556520 162022.625000 161037.906250 1.006115
362 256 878.466675 2654.278076 27.971893 105825.421875 94475.843750 1.120132
363 287 3783.964844 1287.518555 29.410549 133611.406250 114637.960938 1.165508
364 350 3960.615234 3068.483643 31.325628 187494.125000 155959.125000 1.202200
365 223 551.634705 2991.945801 27.123440 95086.460938 68970.406250 1.378656
366 224 1197.417847 1733.914795 27.009563 88558.054688 74853.632812 1.183083
367 365 1399.849243 571.664185 32.130623 195422.781250 181394.796875 1.077334
368 218 1834.533325 1320.713867 26.351709 85547.164062 65834.781250 1.299422
369 350 2221.844727 3640.469727 31.199955 177634.281250 163068.703125 1.089322
370 278 2871.392822 2233.114502 28.446724 114859.671875 110102.398438 1.043208
371 309 1351.873779 1892.118042 29.335751 135737.984375 130183.164062 1.042669
372 330 1573.315674 1176.076660 30.407047 156998.640625 148115.562500 1.059974
373 274 1920.041626 3975.373535 28.922718 125140.460938 104067.023438 1.202499
374 287 648.290466 2788.435547 28.791710 130285.726562 107626.539062 1.210535
375 298 2519.528320 1697.649414 29.207748 133445.312500 120776.265625 1.104897
376 308 2838.872314 1940.079224 29.719181 140790.890625 131243.875000 1.072742
377 81 3534.959473 4327.134277 19.684399 16486.775391 14898.746094 1.106588
378 226 3207.163574 969.175354 26.951918 91792.820312 72374.898438 1.268296
379 190 21.568417 1050.959473 24.749254 83526.031250 32853.832031 2.542353
380 332 2619.613281 1176.916138 30.445932 157717.359375 150031.640625 1.051227
381 345 2196.369141 3443.116699 30.543476 164317.484375 157534.375000 1.043058
382 249 3059.980713 3261.195801 27.784376 103333.773438 88887.148438 1.162528
383 366 3980.683594 2790.354736 32.231071 196662.468750 183553.718750 1.071416
384 306 168.617920 2452.043701 30.466017 144264.937500 139757.593750 1.032251
385 304 2501.432617 2973.456543 30.047375 143997.421875 130467.375000 1.103704
386 400 4351.514160 1898.433716 33.101280 238760.375000 199517.546875 1.196689
387 278 28.414619 2558.284668 28.134884 138235.500000 81821.421875 1.689478
388 208 3055.820557 3069.075439 26.355320 80510.070312 63967.335938 1.258612
389 204 1174.581421 1019.646545 26.691345 80190.359375 65144.941406 1.230953
390 227 4352.432129 3188.211182 27.068100 95700.312500 70618.515625 1.355173
391 267 4073.031006 1610.843018 28.419893 112208.421875 103444.890625 1.084717
392 134 658.631531 1358.695312 23.415434 39592.304688 33877.558594 1.168688
393 380 1027.440186 1204.258179 31.807196 205688.453125 178756.671875 1.150662
394 304 1473.046143 3480.908691 29.231363 138891.421875 120868.265625 1.149114
395 377 1769.075806 1866.619873 31.889967 197005.437500 186392.265625 1.056940
396 309 2444.792725 810.728088 29.435452 138662.593750 129069.156250 1.074328
397 377 2399.889893 1192.313721 31.435034 189884.890625 182651.937500 1.039600
398 59 1880.992920 51.007565 19.459299 14453.221680 7887.971680 1.832312
399 358 4294.791504 2274.857178 31.096846 186822.609375 159368.343750 1.172269
400 363 2123.466064 1905.057861 31.456863 194397.703125 164803.234375 1.179575
401 265 3176.043213 3385.887939 27.862373 110698.203125 95024.429688 1.164945
402 260 2451.997070 3138.229736 27.979181 108721.257812 94815.718750 1.146659
403 215 2893.024658 1545.271973 26.545769 85747.984375 65757.742188 1.303998
404 211 2369.684570 988.231262 26.473059 77091.179688 70782.445312 1.089128
405 330 3006.090820 1241.931274 30.476189 155513.187500 150990.171875 1.029956
406 343 3855.407715 1459.938965 30.825504 170191.546875 155731.093750 1.092855
407 383 2940.905762 1775.611938 32.051453 210883.671875 182570.546875 1.155080
408 265 2563.453125 951.931091 28.490990 110561.960938 104548.226562 1.057521
409 330 2975.058350 2385.177979 30.265018 164090.421875 138180.125000 1.187511
410 278 3829.972900 2437.932617 28.994335 121772.648438 111934.039062 1.087896
411 316 1034.370972 1631.404419 29.708813 147451.625000 131454.265625 1.121695
412 178 17.532694 3054.349609 25.647566 93542.460938 23545.523438 3.972834
413 284 4001.562256 1815.545776 28.649729 125769.648438 107339.515625 1.171700
414 299 1452.239258 2666.287842 29.687038 139750.703125 123764.070312 1.129170
415 316 3533.510254 2919.781982 30.503378 163651.093750 130373.007812 1.255253
416 312 1472.642090 1553.234009 29.588331 147637.390625 125509.046875 1.176309
417 284 1798.182617 2529.986572 28.632683 116848.945312 115982.929688 1.007467
418 231 3623.712402 1200.248779 26.941597 85211.742188 82459.531250 1.033376
419 355 2629.141602 2855.420410 30.938976 184474.171875 155339.031250 1.187558
420 177 2300.422852 3017.580811 25.145361 59088.066406 52827.109375 1.118518
421 350 2437.476318 2496.739258 30.954035 189050.656250 146302.640625 1.292189
422 239 1783.421997 3453.666260 27.293739 95509.414062 82533.203125 1.157224
423 308 4385.795410 1724.667969 29.293861 136011.187500 128292.953125 1.060161
424 363 3752.623047 2782.742188 31.571407 200699.843750 161121.781250 1.245641
425 293 2872.283203 2613.107666 29.457373 133956.312500 120290.570312 1.113606
426 200 2764.215820 2987.521973 26.023933 74049.234375 61399.777344 1.206018
427 321 3941.286865 2282.810547 30.313484 149567.218750 145402.031250 1.028646
428 250 3425.927002 1704.648804 27.916555 100687.140625 94146.382812 1.069474
429 310 1613.057739 1727.234497 29.665497 140898.046875 131914.875000 1.068098
430 327 265.257996 1759.727051 30.593634 158389.765625 147672.578125 1.072574
431 255 1066.392578 2350.728271 28.115469 107765.804688 93806.492188 1.148810
432 227 823.932922 2821.448730 27.011837 92342.640625 73285.484375 1.260040
433 274 1441.676270 1326.163818 28.004913 116383.804688 98507.578125 1.181471
434 199 2300.557861 1860.910767 25.310286 70398.023438 57083.472656 1.233247
435 197 545.140503 1151.233887 25.813860 70283.812500 60988.191406 1.152417
436 334 2424.850830 1385.029541 30.018253 155193.984375 145771.906250 1.064636
437 307 2694.996338 2667.227051 29.630589 146825.000000 122712.328125 1.196498
438 70 1882.110107 1465.973999 19.944685 16020.504883 11824.826172 1.354819
439 271 2960.274658 2092.265381 28.385933 115550.515625 102810.765625 1.123915
440 271 4238.965820 2023.954834 28.230175 117583.625000 98387.859375 1.195103
441 238 114.203041 2024.016235 27.491339 96412.648438 83461.492188 1.155175
442 288 4284.502930 1146.161377 29.151619 137152.359375 107594.890625 1.274711
443 354 1414.741821 2332.562012 31.603695 177716.734375 175856.171875 1.010580
444 259 1989.758057 2479.597900 28.366785 112137.656250 96273.023438 1.164788
445 262 2296.076660 2020.136719 28.090073 111287.421875 95444.242188 1.165994
446 271 3163.023193 2376.329590 28.265337 113669.429688 102840.390625 1.105299
447 253 407.606903 3339.012939 27.812775 110504.695312 85203.570312 1.296949
448 367 550.056580 2641.010254 31.426722 191638.750000 170824.718750 1.121844
449 360 1045.051392 2141.863525 31.586254 187920.375000 171248.546875 1.097355
450 328 1899.637207 3062.329346 30.351856 160211.781250 141953.375000 1.128623
451 246 2286.429199 2202.663330 27.177279 96617.140625 85079.570312 1.135609
452 263 1408.131104 1728.542603 27.748428 107902.398438 94601.093750 1.140604
453 320 1926.270142 1925.204468 30.053288 151574.078125 137449.937500 1.102759
454 120 4457.743164 1450.666138 22.732033 50421.621094 11587.813477 4.351263
455 367 2620.491211 2072.432373 32.225662 194141.671875 186985.375000 1.038272
456 316 2808.086426 1225.041748 29.576946 149885.656250 126549.789062 1.184401
457 319 3937.917480 2588.766357 30.451912 164349.671875 131465.078125 1.250139
458 248 3879.110596 2115.574463 28.129574 101533.781250 94701.898438 1.072141
459 370 1262.596558 1360.188477 32.217644 200743.359375 183307.968750 1.095115
460 202 150.082397 2884.211670 26.342379 84331.289062 55840.722656 1.510211
461 285 2156.923828 1650.573975 29.110870 123746.351562 117774.851562 1.050703
462 127 2594.077637 1487.727173 23.095881 37123.968750 30620.335938 1.212396
463 337 3286.549561 2487.388916 30.979355 165878.859375 157546.921875 1.052886
464 354 3412.460693 2065.133057 31.486794 180722.546875 170239.484375 1.061578
465 212 3835.556396 2938.312012 26.616255 82200.039062 67986.062500 1.209072
466 256 4348.714355 2661.475098 27.967209 107982.281250 92251.906250 1.170515
467 173 1774.686035 1675.126343 24.881483 58931.039062 48171.218750 1.223366
468 314 1693.311035 2037.056519 29.628853 151892.218750 123758.609375 1.227327
469 274 4164.623535 2751.383789 28.890079 119269.523438 109420.929688 1.090006
470 285 4014.314697 1997.187378 28.310541 115916.500000 112507.234375 1.030303
471 245 4371.551758 2827.865479 27.952108 103988.507812 87435.000000 1.189324
472 358 488.738953 1648.391113 31.501080 179027.234375 176222.593750 1.015915
473 232 1415.014160 2504.017334 27.391441 91251.148438 82816.375000 1.101849
474 259 1057.546143 2735.886719 27.315525 107848.320312 85401.406250 1.262840
475 249 2674.621094 1813.965454 27.559122 104579.828125 84536.968750 1.237090
476 230 2444.618164 2121.291016 27.009178 95546.125000 72237.882812 1.322659
477 270 3814.096924 1772.387695 28.209660 110199.398438 104662.531250 1.052902
478 370 1557.762451 1917.606445 31.689451 189840.640625 181721.250000 1.044680
479 235 1282.801270 3454.013428 26.715084 87565.812500 80152.695312 1.092487
480 292 2237.659180 2431.125000 29.644466 138611.937500 117996.015625 1.174717
481 275 3171.147217 2064.302246 28.341610 113549.242188 107343.656250 1.057810
482 326 856.337952 1663.158936 30.638704 162063.109375 143962.953125 1.125728
483 350 1950.869385 2876.799561 31.313629 190313.109375 152877.078125 1.244877
484 33 3668.969727 6.674955 16.932909 8792.220703 669.651428 13.129547
485 307 888.382385 2229.601562 29.593950 140197.921875 128673.242188 1.089566
486 293 1731.974731 2712.172852 29.658060 137147.125000 120575.843750 1.137434
487 302 2090.425781 2301.818115 29.754356 140915.406250 126451.750000 1.114381
488 356 3067.783203 2236.694336 31.765190 187254.500000 171959.234375 1.088947
489 311 620.496704 1895.007935 29.207996 137190.296875 128125.992188 1.070745
490 203 551.628662 2232.548096 26.315552 73356.773438 67222.406250 1.091255
491 372 3231.211182 1563.772827 31.677212 204719.000000 168562.812500 1.214497
492 259 4309.633789 2464.839355 28.081347 112396.250000 91841.320312 1.223809
493 370 1898.646240 2162.983887 31.767326 193905.000000 179485.343750 1.080339
494 94 13.666162 2376.637451 20.665575 32315.900391 7828.305664 4.128084
495 349 320.654572 2952.383057 31.430731 186683.921875 158089.968750 1.180871
496 261 695.654358 1525.494751 28.427780 117566.953125 93357.226562 1.259324
497 255 2507.357666 2320.383545 27.712366 101666.406250 94167.289062 1.079636
498 415 2659.386963 2485.422607 32.694611 235375.578125 208233.484375 1.130345
499 268 392.056305 2726.755859 28.215450 118797.007812 94560.890625 1.256302
500 315 1338.595337 2837.124268 29.434048 142647.828125 130256.585938 1.095129
501 294 1434.265991 2049.360840 29.469986 134627.796875 120705.343750 1.115342
502 351 4117.025879 2571.963867 30.944021 173875.421875 162218.484375 1.071859
503 297 1604.341797 2449.563232 29.631716 133168.578125 127608.882812 1.043568
504 319 1748.995483 2346.001465 29.803297 155405.062500 127942.390625 1.214649
505 113 879.404663 3115.779053 21.480814 29849.400391 22291.669922 1.339038
506 156 3602.774414 2686.536133 24.555117 50184.371094 43876.417969 1.143766
507 394 3493.202148 2245.199463 32.553593 223659.328125 193876.796875 1.153616
508 296 3814.853271 1947.568726 29.409016 136446.109375 119561.390625 1.141222
509 216 4069.947021 2398.806152 26.421768 80928.742188 69862.984375 1.158392
510 261 3300.589844 2248.589111 27.831446 105988.523438 96179.296875 1.101989
511 265 2137.279053 2590.987549 28.518475 111145.148438 104380.257812 1.064810
512 276 3135.438965 1878.246948 28.542227 118589.632812 106256.171875 1.116073
513 370 328.404236 2051.950195 31.681629 195556.890625 175821.593750 1.112246
514 317 889.128540 2041.545898 29.859680 155715.203125 126922.148438 1.226856
515 328 2089.244629 2769.214355 30.195354 162396.140625 136660.953125 1.188314
516 226 2835.840576 2780.252686 26.625561 81719.578125 78496.460938 1.041061
517 217 3669.317871 2064.043457 26.531288 78558.765625 74189.539062 1.058893
518 6 394.095612 3.045788 5.629272 177.071609 13.060560 13.557734
519 283 3292.087891 1818.522461 28.969385 126941.437500 110559.320312 1.148175
520 346 2084.642578 2083.831055 31.428068 199435.031250 142317.296875 1.401341
521 239 2442.202881 2676.490723 27.177410 94194.757812 82333.429688 1.144064
522 209 805.065552 1866.300293 26.550526 81075.000000 66255.460938 1.223673
523 330 2489.044678 1900.391113 31.176670 161531.046875 159223.906250 1.014490
524 109 1006.790161 1788.702148 22.899319 32695.240234 24462.046875 1.336570
525 136 3609.395752 1701.155273 23.451006 39983.859375 34809.300781 1.148654
526 341 231.543198 2275.069824 31.514437 181275.890625 157391.593750 1.151751
527 271 3437.324951 1899.500244 28.649670 117969.023438 104468.750000 1.129228
528 244 726.609192 2117.081299 27.212275 95478.367188 85205.562500 1.120565
529 55 2802.709229 2083.329590 18.747063 10791.229492 8538.649414 1.263810
530 112 14.110311 3339.840576 22.089792 44301.957031 10349.440430 4.280614
531 132 4454.317383 2372.315918 22.568485 51259.453125 15972.968750 3.209137
532 132 659.470581 1701.244263 23.205269 39432.128906 31647.832031 1.245966
533 224 1926.413086 2700.908691 26.421545 82467.546875 73906.421875 1.115837
534 403 548.967346 2049.486084 32.527988 222813.281250 203588.937500 1.094427
535 261 1578.817749 2174.815186 28.324547 108076.085938 101318.976562 1.066691
536 425 719.467773 2541.565430 33.517941 256147.500000 221319.781250 1.157364
537 239 63.750084 2216.677490 27.663509 94412.117188 88487.351562 1.066956
538 265 1035.550781 2541.395020 28.289345 116431.085938 95644.976562 1.217326
539 336 784.843018 2372.795166 30.395205 168016.093750 142403.703125 1.179858
540 5 4.640852 789.412048 6.146169 155.095978 33.781013 4.591218
541 9 3.058820 3648.546387 9.407898 712.011169 84.565681 8.419623
