# Input file: /home/rlomba/cupy/pictures/patchy_black.jpg
# std_scale: 1.0
# min_pts: 5
# cluster_id num_points center_x center_y gyration_radius lambda1 lambda2 relation_between_lambdas
0 15 156.666672 1.200000 2.552559 89.444382 8.288950 10.790798
1 2272 303.972260 25.707306 34.598221 2258202.000000 461465.687500 4.893542
2 32 141.625000 30.000000 3.407253 197.876938 173.623062 1.139693
3 33 385.878784 36.666668 3.260640 181.659378 169.189102 1.073706
4 117 173.410263 7.042735 7.506746 4884.772461 1708.321411 2.859399
5 34 186.147064 3.382353 3.326781 226.501724 149.792389 1.512104
6 527 634.648987 17.863379 14.489427 70186.812500 40453.410156 1.735003
7 763 98.327652 21.311926 18.466854 188515.031250 71686.812500 2.629703
8 59 195.949158 7.288136 5.469405 1406.024048 358.925140 3.917318
9 138 663.971008 11.956522 7.968972 5351.941895 3411.681396 1.568711
10 300 502.103333 12.790000 10.914450 22690.335938 13047.229492 1.739092
11 373 583.544250 75.209114 13.320167 51800.007812 14380.200195 3.602176
12 32 521.625000 1.468750 4.284670 548.484497 38.984238 14.069392
13 33 328.606049 61.666668 3.215550 177.647324 163.564789 1.086098
14 33 126.878784 54.424244 3.273288 186.568008 167.007736 1.117122
15 30 392.000000 94.333336 3.186778 163.231857 141.434814 1.154114
16 29 400.862061 103.793106 3.312499 178.558350 139.648544 1.278627
17 1455 506.015808 152.630920 25.396532 601661.875000 336789.562500 1.786462
18 27 668.703674 114.740738 3.201937 185.607330 91.207489 2.035001
19 28 597.857117 87.357140 3.206339 151.647156 136.209991 1.113334
20 1278 348.039124 145.564163 24.516232 557483.812500 210652.500000 2.646462
21 33 312.181824 60.454544 3.344334 192.192627 176.898270 1.086458
22 945 63.760845 155.513229 19.944262 216699.265625 159196.781250 1.361204
23 32 297.593750 73.000000 3.277379 178.993439 164.725311 1.086618
24 20 669.299988 139.350006 3.168201 172.675354 28.074650 6.150579
25 1216 195.445724 186.249176 22.563688 387617.031250 231472.890625 1.674568
26 72 466.819458 168.263885 5.475500 1644.275391 514.363525 3.196719
27 1257 340.965790 253.334930 24.816423 563642.875000 210486.640625 2.677809
28 1843 40.804665 261.466095 30.110867 1316425.000000 354557.375000 3.712869
29 6 1.000000 33.500000 0.957427 4.000000 1.500000 2.666667
30 32 608.750000 198.406250 3.380638 200.016403 165.702347 1.207083
31 354 250.621475 258.644073 12.432693 33380.914062 21337.513672 1.564424
32 870 654.745972 271.680450 19.581131 221012.750000 112563.289062 1.963453
33 21 585.476196 164.571426 3.239496 111.380951 109.000000 1.021844
34 31 387.483856 173.806458 3.401047 194.954758 163.625885 1.191466
35 63 479.650787 289.936493 5.882532 1860.526367 319.537109 5.822567
36 30 500.100006 284.799988 3.293934 170.270798 155.229202 1.096899
37 408 440.311279 299.568634 12.335938 35532.511719 26555.033203 1.338071
38 31 492.387085 229.612900 3.392162 200.955795 155.753876 1.290214
39 32 113.312500 279.531250 3.320597 187.534500 165.309250 1.134447
40 1815 318.070526 397.001099 29.898073 1242409.625000 380009.406250 3.269418
41 31 554.741943 275.290314 3.303579 186.147812 152.174759 1.223250
42 31 301.903229 273.225800 3.173118 159.065216 153.063828 1.039208
43 30 631.166687 383.233337 3.283968 191.600449 131.932892 1.452257
44 1833 192.360062 396.746857 27.141834 860174.437500 490158.468750 1.754890
45 2299 490.247498 401.374512 37.530285 2782664.750000 455527.906250 6.108660
46 33 274.030304 325.000000 3.223821 177.579453 165.390244 1.073700
47 29 229.206894 314.344818 3.255289 168.362015 138.948334 1.211688
48 663 30.515837 376.174957 15.615443 94894.695312 66772.593750 1.421162
49 33 214.939392 296.242432 3.357215 200.720184 171.219223 1.172299
50 30 293.533325 345.433319 3.340825 179.642609 155.190720 1.157560
51 31 309.967743 327.774200 3.352356 200.700500 147.686600 1.358962
52 376 73.444145 478.539886 13.015154 48110.660156 15581.570312 3.087664
53 1763 627.335205 525.142395 31.923370 1460728.000000 335948.156250 4.348075
54 33 42.545456 413.818176 3.317040 197.354752 165.736160 1.190777
55 28 117.107140 361.500000 3.282413 158.556900 143.121674 1.107847
56 1191 27.274559 567.847168 22.977800 460189.625000 168633.765625 2.728929
57 31 490.548401 468.000000 3.280821 189.764816 143.912598 1.318612
58 1813 436.198029 596.678955 29.372919 1218866.500000 345332.593750 3.529544
59 1635 347.570648 577.524170 27.281950 842339.125000 374599.250000 2.248641
60 2112 130.818649 588.227295 29.684694 1194742.125000 666312.250000 1.793066
61 31 398.548401 490.000000 3.261097 169.677414 160.000000 1.060484
62 963 514.970947 588.613708 19.577137 223166.468750 145917.015625 1.529407
63 370 227.218918 592.972961 12.898669 35469.945312 26089.050781 1.359572
64 32 200.843750 582.687500 3.206896 182.087509 147.006241 1.238638
65 31 221.709671 504.064514 3.153380 163.815262 144.442795 1.134119
66 30 623.166687 615.900024 3.229379 163.180267 149.686401 1.090148
67 99 368.232330 622.515137 6.383678 2612.529297 1421.854492 1.837410
68 36 668.055542 615.861084 3.520553 267.046478 179.147964 1.490648
69 37 664.918945 626.945923 4.022399 437.125397 161.523270 2.706269
70 31 617.580627 582.870972 3.374631 188.440979 164.591293 1.144902
71 30 566.566650 622.766663 3.360225 189.795425 148.937897 1.274326
72 31 391.387085 624.193542 3.223870 182.769775 139.423767 1.310894
73 31 273.225800 432.580658 3.306727 184.000000 154.967743 1.187344
74 30 557.400024 633.633362 3.337497 170.283371 163.883286 1.039053
75 91 141.615387 685.329651 7.319737 4311.239258 564.408936 7.638503
76 6 670.000000 634.500000 0.957427 4.000000 1.500000 2.666667
77 32 91.468750 637.406250 3.507525 208.205399 185.482101 1.122509
78 28 154.750000 633.571411 3.162883 146.930237 133.176895 1.103271
79 30 351.299988 731.266663 3.246366 180.281082 135.885574 1.326712
80 877 282.831238 755.714966 19.284397 186311.546875 139834.203125 1.332375
81 2351 458.584015 722.418091 37.593277 2877537.750000 445023.500000 6.466035
82 1008 145.409729 761.463318 20.369123 264994.906250 153225.531250 1.729443
83 32 95.281250 685.375000 3.297578 182.794891 165.173859 1.106682
84 29 312.379303 664.172424 3.285105 175.280930 137.684601 1.273061
85 31 605.580627 664.032288 3.333680 183.637253 160.878876 1.141463
86 32 235.187500 737.843750 3.359193 189.697647 171.396103 1.106779
87 1078 637.652161 771.782959 21.805511 386912.937500 125654.812500 3.079173
88 391 220.335037 707.168823 12.727316 34287.195312 29048.775391 1.180332
89 34 207.441177 760.970581 3.251031 189.100403 170.252533 1.110705
90 32 201.562500 667.218750 3.322949 191.782349 161.561401 1.187055
91 31 51.677418 671.161316 3.355149 177.161484 171.806259 1.031170
92 65 488.415375 839.830750 4.802120 1150.522461 348.400574 3.302298
93 32 644.468750 830.812500 3.205677 191.969391 136.874359 1.402523
94 5 0.400000 833.799988 0.894427 3.000000 1.000000 3.000000
95 542 14.479705 808.621765 15.016027 78108.023438 44102.718750 1.771048
96 296 224.712845 797.469604 12.437454 34980.441406 10807.876953 3.236569
97 32 494.718750 786.625000 3.316478 202.471405 149.497345 1.354348
98 33 167.606064 836.424255 3.330026 192.073532 173.865875 1.104722
99 33 288.909088 789.575745 3.324782 194.462082 170.325790 1.141707
100 7 0.428571 598.857117 1.714286 18.876169 1.695259 11.134681
101 26 502.807678 844.692322 3.337300 209.678955 79.897972 2.624334
102 44 514.159119 841.545471 4.223300 518.960388 265.835052 1.952190
103 16 587.187500 845.687500 2.667806 84.684189 29.190807 2.901057
104 87 178.597702 843.494263 6.417171 3038.736328 543.930359 5.586627
105 20 668.849976 791.049988 2.770379 126.379250 27.120750 4.659873
106 32 666.000000 803.718750 3.384102 192.546265 173.922485 1.107081
107 34 462.029419 756.176453 3.369027 201.835907 184.075851 1.096482
108 25 28.520000 828.760010 3.192491 138.876938 115.923065 1.198009
109 38 246.842102 814.736816 3.326216 213.673431 206.747620 1.033499
110 30 257.866669 818.833313 3.253886 164.561249 153.072083 1.075057
111 32 579.781250 822.156250 3.343312 196.760910 160.926590 1.222675
112 32 408.062500 729.593750 3.286306 184.088913 161.504837 1.139835
113 22 434.409088 778.545471 3.182143 111.500000 111.272728 1.002043
