# Input file: C:\Users\Rodrigo\Documents\GitHub\TFG_DBSCANQ\pictures\lconf.jpg
# std_scale: 1.0
# min_pts: 5
# cluster_id num_points center_x center_y gyration_radius lambda1 lambda2 relation_between_lambdas
0 28 35.857143 122.142860 3.793119 323.288727 79.568413 4.063028
1 46 81.782608 125.086960 4.009440 402.608826 336.869446 1.195148
2 6 115.500000 120.666664 2.266912 29.535458 1.297875 22.756783
3 13 382.769226 121.692307 2.815847 91.611252 11.465672 7.990046
4 37 428.540527 122.567566 4.047923 467.276459 138.993820 3.361851
5 31 469.741943 122.677422 3.513613 284.764771 97.944901 2.907398
6 22 497.454559 122.000000 3.201239 185.564468 39.890083 4.651895
7 58 527.913818 124.896553 4.559848 701.407837 504.540466 1.390191
8 41 583.024414 122.756096 4.295592 593.097778 163.438812 3.628867
9 67 185.000000 127.402985 4.837847 798.159668 769.959717 1.036625
10 68 268.250000 127.088234 4.875238 937.998779 678.221863 1.383026
11 74 136.932434 129.959457 5.106356 1076.918823 852.621704 1.263067
12 74 241.594589 129.770264 5.160835 1149.874512 821.057983 1.400479
13 63 331.365082 128.888885 4.647624 683.544006 677.281372 1.009247
14 64 403.328125 129.953125 4.745012 769.349792 671.618958 1.145515
15 61 160.295074 131.524597 4.580611 697.275940 582.625732 1.196782
16 69 627.391296 136.072464 4.950585 964.140686 726.931824 1.326315
17 70 602.942871 137.171432 4.886884 847.791138 823.923157 1.028969
18 71 107.211266 138.690140 4.946209 967.756409 769.257629 1.258039
19 79 363.607605 138.443039 5.214790 1112.946167 1035.382935 1.074913
20 69 483.594208 138.173920 4.864171 838.720520 793.830200 1.056549
21 70 453.642853 139.685715 4.981619 934.277588 802.879517 1.163658
22 31 509.322571 139.516129 3.683074 230.807037 189.709091 1.216637
23 60 430.566681 143.800003 4.597705 747.561401 520.771973 1.435487
24 74 311.013519 146.216217 5.077144 1032.781372 874.745728 1.180665
25 77 205.350647 147.753250 5.212179 1067.807373 1024.036743 1.042743
26 84 579.821411 149.166672 5.431377 1373.130737 1104.857300 1.242813
27 64 389.437500 150.156250 4.713988 775.589478 646.598022 1.199492
28 57 178.578949 150.000000 4.491502 683.146301 466.748474 1.463628
29 71 80.563377 153.056335 5.117272 1130.979370 728.260010 1.552988
30 73 39.479450 152.863007 4.986075 953.184753 861.664551 1.106213
31 72 148.513885 152.472229 5.046906 978.784119 855.146423 1.144581
32 62 259.258057 152.258072 4.638100 703.120361 630.621582 1.114964
33 73 553.178101 156.109589 5.014784 975.395203 860.412964 1.133636
34 78 288.371796 158.615387 5.226510 1188.267944 942.411560 1.260880
35 67 342.820892 157.149246 4.896478 933.259521 673.098694 1.386512
36 67 498.283569 161.761200 4.871162 813.860413 775.930603 1.048883
37 76 523.828918 161.131577 5.164989 1108.661011 918.799561 1.206641
38 57 412.807007 161.368423 4.534740 717.970764 454.169617 1.580843
39 72 599.402771 162.875000 4.982183 916.298096 870.896362 1.052132
40 73 367.712341 163.178085 5.058079 964.518677 903.125122 1.067979
41 59 110.118645 164.355927 4.653584 678.662781 599.032104 1.132932
42 54 467.666656 166.851852 4.535487 616.232727 494.582062 1.245967
43 64 223.421875 169.171875 4.681611 809.153442 593.565308 1.363209
44 66 194.212128 170.833328 4.896191 829.585693 752.611267 1.102277
45 73 311.671234 170.657532 5.062010 985.104309 885.443665 1.112554
46 64 53.625000 173.296875 4.786634 830.776062 635.583313 1.307108
47 51 133.411758 173.294113 4.313547 531.959106 416.982086 1.275736
48 69 247.811600 174.246384 4.886186 892.173828 755.188477 1.181392
49 77 438.558441 173.727280 5.210205 1067.757935 1022.501770 1.044260
50 51 632.509827 172.568634 4.336925 502.116699 457.138214 1.098391
51 65 574.661560 175.030762 4.746646 775.077454 689.414856 1.124254
52 65 82.523079 177.015381 4.744552 759.201111 703.998901 1.078412
53 56 166.821426 175.875000 4.388173 574.275757 504.063538 1.139292
54 69 392.695648 180.608688 5.089124 1037.061523 749.981995 1.382782
55 72 485.319458 183.500000 5.027221 980.072815 839.579956 1.167337
56 74 330.027039 186.013519 5.116127 1021.343933 915.588501 1.115505
57 65 512.200012 185.984619 4.812459 808.626770 696.757874 1.160556
58 62 289.967743 187.548386 4.760880 721.764404 683.525940 1.055943
59 74 612.932434 188.445953 5.012074 1020.612671 838.333313 1.217431
60 81 367.790131 189.469131 5.244168 1150.122803 1077.482178 1.067417
61 62 122.096771 191.645157 4.747857 782.724060 614.888855 1.272952
62 85 147.329407 193.282349 5.401525 1367.400146 1112.599854 1.229013
63 69 231.739136 197.072464 4.940137 871.461609 812.480408 1.072594
64 65 564.169250 197.292313 4.740309 750.118713 710.465942 1.055812
65 45 41.888889 196.733337 4.271987 460.728210 360.516235 1.277968
66 78 267.692322 198.923080 5.250340 1185.131104 965.022705 1.228086
67 63 439.428558 198.000000 4.645237 750.820435 608.608154 1.233668
68 66 199.772720 199.954544 4.815465 846.149536 684.304993 1.236509
69 53 410.283020 200.188675 4.545094 578.325745 516.542175 1.119610
70 64 532.234375 201.812500 4.722344 788.611267 638.623108 1.234862
71 81 66.765434 201.740738 5.342699 1186.289673 1125.809204 1.053722
72 70 307.071442 202.214279 4.934469 891.086487 813.342102 1.095586
73 75 591.306641 202.293335 5.085264 986.361816 953.131470 1.034864
74 67 466.985077 205.417908 4.885684 907.003662 692.279907 1.310169
75 70 353.557129 207.914291 5.015344 949.742615 811.014526 1.171055
76 77 93.038963 207.467529 5.172419 1106.598389 953.453613 1.160621
77 58 628.655151 206.758621 4.593331 649.790100 573.934021 1.132169
78 65 388.461548 208.753845 4.914993 897.290222 672.925171 1.333418
79 65 130.215378 213.415390 4.756808 749.745117 721.024109 1.039834
80 59 512.966125 214.220337 4.547430 706.726562 513.341187 1.376719
81 59 178.644073 215.864410 4.544396 684.830383 533.610291 1.283391
82 84 551.166687 218.452377 5.416549 1319.676880 1144.799316 1.152758
83 83 46.012047 222.409637 5.493764 1406.409424 1098.650879 1.280124
84 85 244.023529 222.329407 5.443539 1315.635864 1203.093628 1.093544
85 58 576.793091 220.344833 4.595014 683.570618 541.050049 1.263415
86 87 448.804596 223.482758 5.535053 1480.073242 1185.328979 1.248660
87 57 611.350891 221.807022 4.460076 617.512817 516.346863 1.195926
88 53 415.660370 222.698120 4.414933 578.627991 454.428589 1.273309
89 69 158.434784 224.869568 4.947233 885.282715 803.499878 1.101783
90 64 279.593750 224.281250 4.717612 747.858337 676.516663 1.105454
91 75 109.400002 227.973328 5.119826 1028.618042 937.328613 1.097393
92 68 302.073517 227.529419 4.987593 946.860046 744.713501 1.271442
93 71 72.718307 228.507050 4.933519 940.377014 787.735657 1.193772
94 79 489.873413 229.835449 5.267040 1196.738281 994.856689 1.202925
95 74 369.432434 232.945953 5.085680 981.800476 932.145447 1.053270
96 57 632.894714 230.912277 4.436551 583.902710 538.027161 1.085266
97 67 221.044769 232.402985 4.879113 835.354065 759.630981 1.099684
98 73 330.698639 234.041092 5.075116 1027.606934 852.639587 1.205207
99 70 532.285706 233.057144 4.896146 854.328430 823.728699 1.037148
100 69 394.072449 235.420288 4.918833 888.900452 780.548828 1.138815
101 6 28.833334 231.166672 1.986063 21.374182 2.292485 9.323585
102 76 193.315796 236.526321 5.195353 1106.549561 944.818848 1.171176
103 80 136.899994 240.562500 5.204430 1171.944092 994.943420 1.177900
104 59 566.271179 240.745758 4.738675 742.776184 582.071289 1.276091
105 59 595.508484 240.830505 4.641469 743.655396 527.395447 1.410053
106 65 510.569244 242.923080 4.694602 752.698608 679.855225 1.107145
107 55 424.763641 244.581818 4.372037 593.526978 457.782135 1.296527
108 61 251.245895 245.967209 4.668074 732.093018 597.152893 1.225972
109 53 457.471710 246.339630 4.302466 544.666016 436.428345 1.248008
110 66 48.712120 248.515152 4.861748 802.666443 757.348694 1.059837
111 65 96.492310 248.738464 4.782661 827.898926 658.901062 1.256484
112 72 353.055542 250.680557 5.040710 948.565186 880.865356 1.076856
113 62 299.870972 252.548386 4.600706 712.126648 600.195923 1.186490
114 65 170.553848 252.184616 4.905015 883.970520 679.875610 1.300195
115 72 483.361115 253.472229 5.003548 1001.204834 801.350769 1.249396
116 67 229.328354 254.388062 4.930391 855.868652 772.817932 1.107465
117 68 622.102966 256.382355 4.932393 950.805847 703.532349 1.351474
118 59 68.593224 257.322021 4.608612 695.050720 558.067871 1.245459
119 55 202.490906 258.036377 4.511949 594.395508 525.277222 1.131585
120 52 271.019226 258.634613 4.285572 518.157410 436.881042 1.186038
121 72 327.347229 260.319458 4.988838 945.091980 846.880188 1.115969
122 58 531.724121 259.413788 4.551724 629.724487 571.930725 1.101050
123 71 583.661987 262.295776 4.928612 925.190308 799.485718 1.157232
124 56 437.982147 262.875000 4.462357 602.022095 513.085022 1.173338
125 63 393.047607 263.888885 4.722589 753.799744 651.279602 1.157413
126 66 503.257568 265.924255 4.810409 838.107300 689.135132 1.216173
127 56 113.642860 264.875000 4.600043 646.843689 538.138489 1.202002
128 61 461.081970 266.950806 4.640242 755.988464 557.454163 1.356145
129 58 150.948273 267.982758 4.536875 636.348694 557.478882 1.141476
130 54 561.074097 269.555542 4.540022 682.239319 430.797729 1.583665
131 75 50.466667 274.226654 5.220234 1126.740479 917.072876 1.228627
132 56 83.839287 273.821442 4.475664 618.338867 503.429016 1.228254
133 32 30.343750 274.281250 3.839301 375.777527 95.909973 3.918024
134 74 359.905396 275.500000 5.152850 1028.471069 936.366821 1.098363
135 43 635.023254 274.697662 4.187597 533.026611 221.019897 2.411668
136 67 306.029846 275.492523 4.813982 835.983459 716.703064 1.166429
137 72 415.750000 275.638885 4.975092 933.573547 848.537537 1.100215
138 57 607.421082 275.684204 4.460766 597.082642 537.127869 1.111621
139 74 250.121628 280.878387 5.098769 1103.056885 820.753906 1.343956
140 56 215.500000 281.714294 4.522619 649.828857 495.599731 1.311197
141 58 193.017242 281.655182 4.541164 643.061157 553.025085 1.162806
142 64 131.046875 285.171875 4.713625 750.673767 671.294983 1.118247
143 61 476.704926 284.786896 4.600282 728.125793 562.792236 1.293774
144 64 525.359375 285.062500 4.825849 843.964417 646.519958 1.305396
145 62 577.516113 285.870972 4.625406 685.434204 641.017395 1.069291
146 72 332.444458 286.597229 4.993186 973.834290 821.262878 1.185777
147 56 444.410706 285.839294 4.561303 653.942261 511.164917 1.279318
148 67 167.074631 287.417908 4.866770 854.097534 732.827820 1.165482
149 64 285.390625 287.937500 4.807196 848.769958 630.214417 1.346796
150 67 381.388062 287.373138 4.883084 858.978027 738.604004 1.162975
151 67 104.656715 288.791046 4.800776 823.556458 720.622620 1.142840
152 76 550.763184 294.000000 5.216039 1105.081665 962.655151 1.147952
153 54 621.074097 295.277771 4.510352 641.722778 456.814240 1.404778
154 80 499.274994 297.975006 5.354787 1217.507080 1076.392944 1.131099
155 73 311.301361 299.657532 4.970885 949.622559 854.185669 1.111729
156 64 400.015625 301.203125 4.762063 737.013794 714.329956 1.031755
157 73 48.068493 301.863007 5.119514 1053.583862 859.703857 1.225519
158 60 424.066681 301.716675 4.538569 629.880371 606.036316 1.039344
159 57 362.315796 302.157898 4.561268 641.963501 543.931213 1.180229
160 56 188.285721 304.732147 4.480933 596.101807 528.308899 1.128321
161 73 591.986328 304.917816 5.105052 1016.459106 886.033997 1.147201
162 60 77.966667 304.899994 4.653553 686.219543 613.113831 1.119237
163 31 149.451614 305.000000 3.406244 194.095352 165.582062 1.172200
164 51 466.098053 306.313721 4.332934 495.464417 462.025787 1.072374
165 55 120.618179 307.618195 4.406532 542.569336 525.394287 1.032690
166 64 522.281250 311.046875 4.811764 815.371338 666.425537 1.223500
167 78 245.974365 312.794861 5.214215 1121.069702 999.596985 1.121522
168 48 445.520844 310.750000 4.084980 471.891846 329.087341 1.433941
169 69 287.217377 312.043488 4.941115 927.953064 756.655640 1.226388
170 68 568.308838 312.411774 4.775836 794.520325 756.464966 1.050307
171 44 635.159119 313.159088 4.451181 676.089905 195.682831 3.455029
172 40 30.775000 313.149994 4.092906 508.735168 161.339844 3.153190
173 69 215.942032 319.043488 4.899923 889.418762 767.218872 1.159276
174 46 342.978271 317.913055 4.103631 430.484131 344.146301 1.250875
175 64 484.859375 319.203125 4.769850 735.823181 720.270569 1.021593
176 66 611.333313 321.363647 4.754487 805.197083 686.742371 1.172488
177 54 103.370369 322.277771 4.412579 545.978088 505.447845 1.080187
178 48 406.416656 323.312500 4.067091 425.132446 368.846710 1.152599
179 64 368.921875 324.234375 4.821977 789.156860 698.936890 1.129082
180 72 162.430557 325.930542 4.958586 961.307190 808.998352 1.188268
181 73 71.260277 326.890411 5.008456 955.448608 875.729492 1.091032
182 61 268.590149 329.081970 4.678770 737.949646 597.394653 1.235280
183 32 127.156250 326.406250 3.535258 266.584259 133.353241 1.999083
184 70 321.600006 329.457153 4.945664 885.192078 826.979370 1.070392
185 75 589.186646 328.946655 5.201504 1107.615479 921.557800 1.201895
186 68 431.088226 330.044128 4.893480 854.227905 774.110352 1.103496
187 67 510.014923 331.417908 4.861183 831.531860 751.751709 1.106126
188 50 550.599976 330.100006 4.167733 487.156158 381.343842 1.277472
189 75 187.026672 333.253326 5.321821 1135.199951 988.933350 1.147903
190 50 48.700001 336.440002 4.300744 497.841736 426.978271 1.165965
191 71 293.802826 337.422546 4.954104 997.593445 744.969971 1.339106
192 71 235.549301 338.492950 4.972210 928.856750 826.467224 1.123888
193 69 459.536224 339.753632 4.957750 938.749390 757.221619 1.239729
194 71 387.380280 340.154938 4.961866 923.374939 824.653259 1.119713
195 67 343.208954 341.597015 4.864115 836.787231 748.406799 1.118091
196 66 210.545456 343.227264 4.842918 816.079956 731.874573 1.115054
197 51 139.627457 344.019623 4.267759 471.932159 456.969788 1.032743
198 53 623.358521 344.716980 4.499357 627.974121 444.969269 1.411275
199 51 491.117645 348.000000 4.208521 520.357483 382.936615 1.358861
200 74 571.054077 349.283783 5.081530 1098.366455 812.457947 1.351906
201 58 116.051727 349.413788 4.538939 638.721619 556.192200 1.148383
202 52 413.634613 350.903839 4.395314 552.506104 452.070801 1.222167
203 74 539.972961 350.837830 5.120177 1031.486084 908.513916 1.135355
204 69 313.333344 352.391296 4.954530 891.527222 802.240906 1.111296
205 62 595.629028 354.709686 4.668428 712.359985 638.881958 1.115010
206 56 171.089279 356.571442 4.484632 588.849426 537.418457 1.095700
207 78 442.423065 357.948730 5.207038 1145.659058 969.174255 1.182098
208 60 81.566666 357.766663 4.606999 667.302429 606.164185 1.100861
209 64 263.796875 359.656250 4.751310 841.006897 603.789978 1.392880
210 50 290.760010 361.059998 4.312633 498.437897 431.502106 1.155123
211 66 47.378788 363.954559 4.840477 798.698181 747.695740 1.068213
212 54 360.907410 364.407410 4.396071 598.711548 444.862549 1.345835
213 66 394.969696 365.318176 4.939417 907.625793 702.631775 1.291752
214 66 467.742432 367.060608 4.905746 872.475647 715.903198 1.218706
215 42 519.523804 364.285706 4.003117 371.741333 301.306274 1.233766
216 64 226.500000 366.218750 4.842742 858.541504 642.395996 1.336468
217 60 620.750000 367.016663 4.575721 641.669556 614.563782 1.044106
218 72 103.972221 370.069458 5.014697 1003.724915 806.872253 1.243970
219 57 147.842102 368.491241 4.428426 606.445190 511.379395 1.185901
220 54 492.111115 370.407410 4.397748 547.106506 497.263885 1.100234
221 74 197.743240 374.500000 5.049246 982.656006 903.965637 1.087050
222 65 419.646149 373.799988 4.837770 879.387085 641.874451 1.370030
223 56 320.196442 376.642853 4.519198 632.326294 511.370178 1.236533
224 63 565.079346 377.174591 4.676321 726.950684 650.731873 1.117128
225 70 589.842834 379.200012 4.946097 944.041016 768.430420 1.228532
226 58 537.982788 378.706909 4.625641 648.377319 592.622681 1.094081
227 55 32.254547 381.799988 4.405031 652.592529 414.643860 1.573863
228 84 125.726189 382.976196 5.453979 1401.438354 1097.216309 1.277267
229 67 441.955231 381.850739 4.824337 829.426453 729.946716 1.136284
230 57 168.350876 383.140350 4.404662 590.982727 514.876953 1.147814
231 19 636.631592 381.736847 3.129699 162.292511 23.812754 6.815361
232 75 82.053337 386.279999 5.206287 1074.421021 958.485596 1.120957
233 59 272.610168 385.576263 4.480543 619.125671 565.315002 1.095187
234 57 220.245621 388.017548 4.564439 664.817749 522.726135 1.271828
235 71 360.197174 390.549286 5.010998 920.775452 862.041443 1.068134
236 72 476.513885 390.180542 4.984196 951.172729 837.466125 1.135774
237 76 391.368408 391.368408 5.121380 1124.795166 868.573242 1.294992
238 60 299.733337 391.399994 4.683541 718.724731 597.408569 1.203071
239 58 616.120667 392.965515 4.503037 627.246399 548.839783 1.142859
240 66 246.621216 395.363647 4.949446 956.128967 660.674072 1.447202
241 68 50.823528 396.441162 4.986227 944.441345 746.205750 1.265658
242 61 551.000000 398.163940 4.718920 705.757141 652.603516 1.081449
243 69 508.130432 398.333344 4.841187 830.821838 786.337585 1.056571
244 68 104.000000 400.102936 4.832913 836.241333 752.038086 1.111967
245 65 333.107697 399.092316 4.784096 823.782043 663.910278 1.240803
246 53 196.603775 403.264160 4.240375 512.283691 440.697449 1.162438
247 71 433.676056 404.295776 5.035561 935.558411 864.779602 1.081846
248 54 583.703674 403.351837 4.467111 605.555481 472.018585 1.282906
249 25 29.920000 405.679993 3.306237 217.800400 55.479607 3.925774
250 66 134.984848 406.651520 4.773617 788.527466 715.442200 1.102154
251 59 459.915253 406.135590 4.535157 696.521729 516.969788 1.347316
252 32 635.656250 406.218750 3.694115 328.289154 108.398338 3.028544
253 58 173.000000 409.655182 4.569583 665.033081 546.070374 1.217852
254 65 267.246155 410.661530 4.743604 754.059570 708.555786 1.064220
255 69 82.840576 412.550720 4.902408 860.630981 797.687866 1.078907
256 71 220.070419 412.929565 4.975002 913.113770 844.182007 1.081655
257 56 369.321442 413.892853 4.423096 556.214600 539.356812 1.031255
258 63 312.793640 416.730164 4.667908 784.083862 588.646301 1.332012
259 57 394.438599 415.912292 4.597094 680.592102 524.004395 1.298829
260 59 535.457642 417.406769 4.560110 680.434509 546.446838 1.245198
261 68 565.632324 417.661774 4.963143 906.959595 768.069824 1.180830
262 72 59.736111 419.222229 5.047594 1012.050537 822.380005 1.230636
263 74 613.945923 419.932434 5.091654 1045.505249 872.940674 1.197682
264 58 478.120697 423.000000 4.579104 645.284912 570.870239 1.130353
265 76 504.815796 424.000000 5.100852 1078.802734 898.618286 1.200513
266 77 446.025970 425.103882 5.336856 1175.285034 1017.831787 1.154695
267 59 419.305084 425.203400 4.510004 629.042114 571.025696 1.101600
268 48 103.229164 426.583344 4.158690 472.962769 357.183075 1.324147
269 69 149.405792 426.478271 4.972176 907.999084 797.856018 1.138049
270 54 36.833332 427.500000 4.326918 567.372864 443.627136 1.278941
271 77 197.402603 431.168823 5.214023 1163.761108 929.563538 1.251944
272 54 339.481476 429.962952 4.353388 556.842712 466.564667 1.193495
273 61 587.098389 429.655731 4.754946 743.837646 635.342651 1.170766
274 59 243.644073 433.152557 4.500758 641.846191 553.306396 1.160020
275 71 286.295776 435.309845 4.998552 980.800598 793.171204 1.236556
276 74 170.891891 438.283783 5.070017 983.935059 918.240601 1.071544
277 51 362.039215 439.823517 4.364144 514.001038 457.332306 1.123911
278 58 556.568970 441.672424 4.591972 712.041687 510.958313 1.393542
279 55 127.836365 441.436371 4.526798 670.506897 456.547638 1.468646
280 73 312.205475 446.205475 5.223545 1030.685425 961.150208 1.072346
281 57 431.245605 445.017548 4.490817 656.418457 493.125397 1.331139
282 75 385.706665 447.093323 5.083166 1044.182617 893.710693 1.168368
283 74 493.189178 448.581085 5.200526 1149.841431 851.523438 1.350335
284 64 631.312500 447.812500 4.709532 767.126526 652.373474 1.175901
285 21 411.380951 445.523804 3.353679 167.761353 68.429123 2.451608
286 53 527.622620 448.452820 4.398938 592.430115 433.154785 1.367710
287 59 461.000000 449.423737 4.551786 627.345459 595.061279 1.054253
288 73 72.958900 450.452057 5.049018 1007.289917 853.669006 1.179954
289 78 103.256409 450.115387 5.268232 1279.543579 885.289734 1.445339
290 66 223.196976 451.121216 4.823349 801.779053 733.690613 1.092803
291 63 149.317459 451.539673 4.655261 786.039001 579.262573 1.356965
292 68 258.470581 451.485291 4.916848 897.814880 746.111572 1.203325
293 50 43.660000 453.980011 4.209988 477.611023 408.588989 1.168928
294 59 606.593201 454.000000 4.540286 635.201660 581.035645 1.093223
295 58 341.603455 454.620697 4.467381 627.074097 530.460388 1.182132
296 61 575.704895 457.655731 4.581608 704.878296 575.580750 1.224638
297 62 549.209656 463.919342 4.650478 762.086121 578.784851 1.316700
298 64 416.093750 466.000000 4.692810 762.824402 646.613098 1.179723
299 74 241.243240 468.270264 5.149411 991.622498 970.593750 1.021666
300 68 291.411774 467.808838 4.927392 971.602295 679.382996 1.430124
301 70 112.328575 470.985718 5.088402 959.618591 852.809998 1.125243
302 60 186.550003 469.933319 4.698552 746.963501 577.619812 1.293175
303 77 317.818176 470.350647 5.206124 1118.206543 968.780457 1.154241
304 67 367.492523 470.611938 4.960526 919.009827 729.646851 1.259527
305 74 622.202698 471.608093 5.161702 1079.861328 891.733276 1.210969
306 64 212.312500 471.468750 4.733008 751.148804 682.538696 1.100522
307 67 526.537292 472.000000 4.801518 816.073730 728.582947 1.120084
308 59 497.779663 470.949158 4.492900 650.136658 540.846436 1.202073
309 61 455.737701 473.655731 4.647534 713.772827 603.800903 1.182133
310 51 138.745102 475.568634 4.307303 526.460571 419.735504 1.254267
311 74 269.635132 475.918915 5.046623 1018.145203 866.516907 1.174986
312 49 342.448975 476.938782 4.316411 550.361938 362.576843 1.517918
313 69 36.579712 480.391296 4.947912 956.026855 733.219482 1.303875
314 68 87.176468 481.838226 4.897633 916.408630 714.694275 1.282239
315 60 476.466675 481.766663 4.661306 694.896423 608.770264 1.141476
316 62 574.177429 482.370972 4.699891 725.249756 644.266418 1.125698
317 61 392.868866 483.180328 4.728649 727.822266 636.144958 1.144114
318 72 597.277771 485.541656 5.003221 959.867920 842.451538 1.139375
319 33 164.333328 486.060608 3.786788 292.650726 180.561401 1.620782
320 76 429.052643 488.394745 5.178329 1031.796387 1006.151001 1.025489
321 61 548.573792 488.180328 4.658738 692.558105 631.376282 1.096902
322 66 64.242424 490.772736 4.792216 837.863403 677.848755 1.236063
323 49 190.632660 493.857147 4.265160 530.771118 360.616638 1.471843
324 60 220.216660 494.433319 4.566028 626.421021 624.495667 1.003083
325 65 247.461533 494.461548 4.756061 801.371033 668.936646 1.197977
326 76 293.565796 494.986847 5.190652 1077.301758 970.356079 1.110213
327 68 626.117676 495.235291 4.921881 883.986328 763.307739 1.158100
328 56 494.375000 497.625000 4.456636 631.026733 481.223297 1.311297
329 41 117.756096 497.487793 4.276438 437.905792 311.899078 1.403998
330 64 371.812500 498.734375 4.687474 745.455078 660.779297 1.128145
331 38 520.236816 497.894745 3.700809 291.598297 228.849075 1.274195
332 44 270.022736 500.000000 3.968562 400.758270 292.218994 1.371431
333 60 450.083344 500.933319 4.553967 672.940796 571.375854 1.177755
334 70 144.557144 503.528564 5.029505 955.635681 815.078613 1.172446
335 55 348.200012 501.654541 4.470583 599.837341 499.399017 1.201118
336 62 406.096771 502.000000 4.665279 755.016846 594.402466 1.270211
337 77 39.337662 505.207794 5.114147 1107.377930 906.518188 1.221573
338 61 322.295074 504.491791 4.773448 715.388245 674.546204 1.060547
339 73 95.671234 505.589050 5.071787 978.643372 899.137451 1.088425
340 66 169.272720 507.742432 4.757310 882.464355 611.247742 1.443710
341 49 557.653076 508.367340 4.267796 534.622559 357.867249 1.493913
342 60 583.133362 510.549988 4.788499 774.009705 601.773682 1.286214
343 75 468.573334 517.386658 5.179618 1009.357727 1002.775574 1.006564
344 68 508.044128 517.294128 4.882420 841.277588 779.707703 1.078965
345 58 198.706894 516.155151 4.494481 628.681030 542.939636 1.157921
346 64 229.312500 517.953125 4.727925 784.609619 645.999756 1.214566
347 59 534.898315 515.966125 4.597940 660.456787 586.865234 1.125398
348 49 422.551025 519.061218 4.172159 451.548370 401.390411 1.124961
349 67 74.626869 522.507446 4.862924 861.910522 722.507385 1.192944
350 57 122.228073 522.122803 4.492050 617.294495 532.880981 1.158410
351 76 336.434204 527.289490 5.191469 1132.139404 916.163269 1.235740
352 62 264.290314 526.580627 4.700499 725.814209 644.056763 1.126941
353 65 149.446152 527.861511 4.790721 836.900635 654.914734 1.277877
354 63 306.984131 528.095215 4.824561 855.679199 610.733521 1.401068
355 34 381.911774 526.323547 3.498640 237.009155 179.167313 1.322837
356 65 553.538452 531.153870 4.772704 799.698364 680.917053 1.174443
357 42 31.023809 532.119019 4.080678 502.662781 196.718170 2.555243
358 25 284.640015 529.599976 3.173389 128.928665 122.831329 1.049640
359 70 609.242859 532.028564 4.917628 976.178040 716.636292 1.362167
360 31 635.838684 531.677429 3.805631 366.774719 82.193024 4.462358
361 62 440.983856 533.822571 4.765522 778.092407 629.939880 1.235185
362 70 577.057129 535.200012 5.032709 959.289246 813.682190 1.178948
363 75 403.519989 537.466675 5.147668 1063.388428 923.998169 1.150856
364 59 91.203392 538.898315 4.549072 693.294067 527.655029 1.313915
365 76 493.763153 539.118408 5.103754 1018.300659 961.370361 1.059218
366 61 521.688538 538.639343 4.600690 735.647217 555.500305 1.324297
367 82 58.743904 541.756104 5.283134 1250.473022 1038.270874 1.204380
368 70 358.485718 541.528564 4.932297 889.009338 813.919250 1.092257
369 50 173.600006 541.900024 4.234383 515.160828 381.339142 1.350926
370 77 199.831161 544.220764 5.284198 1187.313477 962.738464 1.233267
371 64 465.125000 544.218750 4.723507 804.199707 623.737793 1.289323
372 39 117.641029 545.666687 3.815088 352.713074 214.927948 1.641076
373 62 251.306458 547.935486 4.681672 731.444519 627.474854 1.165695
374 59 224.288132 549.779663 4.555193 661.307983 562.929321 1.174762
375 49 278.000000 550.285706 4.110713 478.070282 349.929718 1.366189
376 74 303.905396 552.945923 5.064612 1018.603821 879.517761 1.158139
377 60 333.000000 551.233337 4.709447 747.984680 582.748657 1.283546
378 74 630.418945 554.891907 5.028498 986.754883 884.393738 1.115742
379 61 543.819702 553.459045 4.598938 719.129822 571.034058 1.259347
380 63 134.714279 559.920654 4.740003 713.009033 702.451294 1.015030
381 69 438.347839 560.550720 4.970529 916.476013 788.248596 1.162674
382 66 410.893951 563.848511 4.841022 840.427307 706.315125 1.189876
383 62 76.274193 564.483887 4.744815 820.083191 575.739380 1.424400
384 60 589.483337 563.250000 4.619223 728.983704 551.249634 1.322420
385 77 167.701294 565.857117 5.211823 1066.968506 1024.589966 1.041361
386 51 43.450981 565.921570 4.464047 622.967224 393.346497 1.583762
387 73 355.945190 567.315063 5.030774 938.128418 909.405884 1.031584
388 55 522.400024 565.909119 4.389544 568.047668 491.697784 1.155278
389 65 193.923080 567.569214 4.795116 857.827637 636.726196 1.347247
390 67 242.686569 569.477600 4.851734 851.307251 725.827026 1.172879
391 50 564.059998 568.080017 4.196427 463.451355 417.048645 1.111264
392 67 385.716431 570.298523 4.809260 857.458862 692.182922 1.238775
393 67 216.358215 572.850769 4.834439 818.347534 747.562927 1.094687
394 60 476.350006 573.216675 4.654449 692.715088 607.118225 1.140989
395 67 611.940308 574.507446 4.881441 879.095947 717.411499 1.225372
396 50 102.360001 572.880005 4.360734 493.317596 457.482422 1.078331
397 65 267.584625 574.815369 4.869954 846.596130 694.973083 1.218171
398 56 290.446442 575.875000 4.419850 578.874817 515.089478 1.123834
399 58 145.913788 579.431030 4.546300 641.332703 557.460388 1.150454
400 70 327.528564 582.814270 5.051207 1038.556763 747.471863 1.389426
401 70 444.799988 583.728577 4.935358 949.650146 755.392700 1.257161
402 61 541.295105 583.606567 4.650482 690.141357 629.104553 1.097022
403 57 123.210526 585.122803 4.579922 680.781372 514.832703 1.322335
404 47 31.404255 586.765930 4.242001 568.468872 277.275787 2.050193
405 55 60.127274 585.818176 4.427786 618.835693 459.455231 1.346890
406 20 636.400024 586.400024 3.268027 181.209946 32.390053 5.594617
407 53 572.000000 589.000000 4.317582 547.225952 440.774078 1.241511
408 51 187.588242 590.352966 4.315953 494.979401 455.020599 1.087818
409 56 400.214294 590.250000 4.491914 584.674744 545.253845 1.072298
410 42 593.738098 591.380981 4.146208 385.917908 336.105896 1.148203
411 73 85.671234 594.205505 5.136529 1113.841553 812.185852 1.371412
412 69 494.217377 593.840576 4.900437 885.247742 771.737793 1.147084
413 62 167.064514 595.290344 4.694740 739.874512 626.641602 1.180698
414 81 254.419754 596.320984 5.279102 1220.580322 1036.802368 1.177255
415 73 303.726013 596.698608 5.028535 982.098267 863.792114 1.136961
416 52 352.096161 596.365356 4.280045 482.340057 470.236877 1.025738
417 55 419.927277 596.618164 4.349903 556.642883 484.048065 1.149974
418 74 225.081085 598.918945 5.231179 1197.202515 827.824524 1.446203
419 51 465.450989 597.745117 4.192228 473.115356 423.198364 1.117952
420 58 377.206909 600.000000 4.528677 609.819092 579.698181 1.051960
421 66 518.545471 601.863647 4.805515 842.004578 682.131836 1.234372
422 69 139.956528 603.115967 4.966470 885.236389 816.705627 1.083911
423 69 621.971008 603.478271 5.052133 956.948669 804.210754 1.189923
424 71 108.563377 605.492981 4.949337 918.650330 820.560974 1.119539
425 64 277.437500 605.812500 4.752467 762.329834 683.170166 1.115871
426 75 551.840027 606.266663 5.120868 1132.436890 834.309753 1.357334
427 69 40.869564 606.550720 4.897350 881.806885 773.091614 1.140624
428 71 575.845093 613.352112 4.963944 962.197266 787.295654 1.222155
429 59 196.474579 612.694885 4.463069 630.582947 544.637390 1.157803
430 63 334.634918 612.571411 4.750993 727.953186 694.078552 1.048805
431 63 599.333313 615.174622 4.782706 743.029663 698.049683 1.064437
432 63 66.253967 616.682556 4.652338 736.321167 627.266174 1.173858
433 68 439.500000 617.411743 4.865047 871.449402 738.021179 1.180792
434 66 361.121216 619.196960 4.823349 861.989868 673.479797 1.279904
435 65 174.169235 619.276917 4.729862 757.077026 697.076843 1.086074
436 58 415.517242 618.965515 4.472933 653.632996 506.780823 1.289774
437 66 464.818176 621.727295 4.797267 805.898315 713.010742 1.130275
438 64 489.015625 620.921875 4.719629 767.904785 657.688965 1.167581
439 66 294.484863 622.621216 4.754607 777.955933 714.059204 1.089484
440 70 93.157143 624.871399 5.075310 1048.183838 754.930420 1.388451
441 83 149.445786 625.650574 5.311244 1194.210693 1147.162842 1.041012
442 52 221.250000 623.250000 4.483946 624.002441 421.497528 1.480442
443 59 633.016968 623.237305 4.490406 606.420044 583.240967 1.039742
444 58 122.706894 625.931030 4.555674 665.648987 538.092407 1.237053
445 9 28.888889 623.333313 2.377882 44.297024 6.591865 6.719953
446 59 263.966095 631.084717 4.603809 652.544189 597.964294 1.091276
447 60 319.083344 631.750000 4.668749 724.041626 583.791748 1.240240
448 57 557.614014 633.596497 4.567675 711.613159 477.614899 1.489931
449 60 240.800003 635.083313 4.644321 681.307068 612.876282 1.111655
450 67 343.194031 634.671631 4.925192 900.919922 724.333801 1.243791
451 68 610.823547 636.132324 4.847211 888.538574 709.152588 1.252958
452 75 46.533333 637.493347 5.124339 1039.475098 929.938232 1.117789
453 45 530.977783 635.044434 4.112012 417.527496 343.361389 1.216000
454 72 507.527771 636.944458 5.027318 982.663086 837.059143 1.173947
455 75 580.533325 639.426697 5.142001 1042.616699 940.396667 1.108699
456 56 194.464279 639.750000 4.420788 593.207031 501.221558 1.183523
457 67 377.567169 640.925354 4.888419 847.003357 754.071228 1.123240
458 73 424.301361 643.054810 5.060119 958.941589 910.209106 1.053540
459 71 453.422546 642.450684 5.022346 981.569336 809.332092 1.212814
460 63 169.095245 643.968262 4.699485 766.176758 625.188354 1.225514
461 85 75.247055 645.058838 5.441148 1390.131958 1126.385742 1.234153
462 55 399.490906 644.181824 4.552576 600.426453 539.500793 1.112930
463 64 484.312500 644.234375 4.689140 725.722534 681.511841 1.064872
464 59 134.915253 647.559326 4.556832 665.032166 560.086487 1.187374
465 62 283.919342 647.338684 4.715253 735.930969 642.552917 1.145324
466 59 631.847473 648.881348 4.572943 661.974426 571.822144 1.157658
467 54 106.925926 651.259277 4.542136 607.020752 507.053314 1.197154
468 74 218.256760 653.135132 5.084117 978.703796 934.066528 1.047788
469 72 307.750000 656.625000 5.074959 1030.983765 823.391235 1.252119
470 56 331.946442 655.357117 4.447504 604.780823 502.915619 1.202549
471 56 354.589294 658.303589 4.406555 550.799194 536.593689 1.026474
472 67 530.985046 657.791016 4.850080 851.200195 724.859497 1.174297
473 55 559.927246 659.018188 4.449088 598.116272 490.574646 1.219216
474 68 246.941177 660.264709 4.843127 842.484497 752.515503 1.119558
475 73 188.835617 662.219177 5.064678 1007.680420 864.840149 1.165164
476 69 500.333344 661.956543 4.866632 853.541748 780.661194 1.093357
477 67 583.477600 663.970154 4.844841 853.500610 719.156128 1.186808
478 65 157.461533 664.246155 4.794573 805.395569 688.819824 1.169240
479 66 435.939392 665.439392 4.939045 868.953247 741.061951 1.172578
480 74 616.527039 666.148621 5.104067 1052.146851 875.664001 1.201542
481 63 87.000000 666.380981 4.637421 711.085022 643.772156 1.104560
482 63 123.523811 667.031738 4.666073 705.669617 665.981201 1.059594
483 72 410.847229 668.263916 5.068017 992.572144 856.733459 1.158554
484 52 60.596153 667.788452 4.444513 566.695923 460.496368 1.230620
485 45 384.466675 668.644470 4.108287 473.732361 285.778778 1.657689
486 68 474.397064 669.823547 4.893215 835.337891 792.823914 1.053623
487 42 31.309525 674.785706 4.105883 468.906372 239.141266 1.960792
488 23 636.173889 674.347839 3.287141 199.830750 48.690987 4.104061
489 52 208.211533 676.153870 4.379678 578.971375 418.470947 1.383540
490 57 266.578949 676.877197 4.499581 637.839233 516.195801 1.235654
491 67 292.537323 677.940308 4.917860 864.882324 755.535583 1.144727
492 54 520.777771 678.833313 4.360669 547.874451 478.958862 1.143886
493 62 548.564514 679.451599 4.735924 799.897339 590.699402 1.354153
494 69 106.057968 682.898560 4.907932 908.855835 753.202148 1.206656
495 56 322.964294 681.428589 4.483387 631.249390 494.393433 1.276816
496 51 597.882324 683.607849 4.337368 543.802002 415.648956 1.308320
497 65 177.015381 684.969238 4.776422 818.299744 664.623352 1.231223
498 68 361.691162 686.044128 4.936929 917.174683 740.207642 1.239078
499 66 451.969696 686.000000 4.808357 830.426331 695.513062 1.193977
500 70 496.614288 687.500000 4.954198 984.568054 733.517639 1.342255
501 58 572.793091 686.655151 4.523160 621.343445 565.277222 1.099184
502 52 232.461533 689.326904 4.386091 512.565796 487.799591 1.050771
503 74 397.770264 689.824341 5.077522 1013.459656 894.351135 1.133179
504 65 423.046143 690.538452 4.795856 817.188354 677.827026 1.205600
505 71 620.338013 693.718323 4.993310 907.386780 862.866699 1.051596
506 69 77.579712 695.188416 4.877280 906.588196 734.774170 1.233832
507 65 155.138458 696.046143 4.746846 776.778442 687.836914 1.129306
508 66 340.121216 695.045471 4.960288 949.280334 674.613586 1.407147
509 79 201.886078 698.354431 5.315431 1196.805420 1035.245239 1.156060
510 65 306.861542 698.200012 4.742855 846.160583 615.993225 1.373652
511 60 473.333344 698.583313 4.549572 661.977661 579.939026 1.141461
512 58 40.413792 699.965515 4.552377 632.580200 569.419800 1.110921
513 58 260.086212 698.741394 4.529006 616.553467 573.136169 1.075754
514 56 132.678574 700.875000 4.516516 584.955383 557.383911 1.049466
515 62 283.500000 701.822571 4.749445 785.815491 612.732910 1.282476
516 78 98.653847 705.410278 5.345170 1239.441040 989.084595 1.253119
517 66 374.833344 704.666687 4.754318 791.373657 700.459656 1.129792
518 65 514.538452 705.476929 4.845885 810.220459 716.148743 1.131358
519 69 600.275391 705.782593 4.910071 917.416626 746.090637 1.229632
520 70 540.585693 708.885742 4.916548 919.253784 772.817627 1.189483
521 53 450.301880 710.358521 4.342329 553.387451 445.971008 1.240860
522 70 570.599976 709.157166 5.031432 925.111511 846.959961 1.092273
523 81 178.444443 712.086426 5.284960 1191.058716 1071.336304 1.111750
524 66 240.151520 711.227295 4.911452 807.650391 784.425415 1.029608
525 52 406.057678 715.307678 4.437393 581.331909 442.571960 1.313531
526 60 63.433334 717.516663 4.643484 687.602722 606.113953 1.134445
527 65 147.892303 719.215393 4.824984 836.123962 677.106812 1.234848
528 64 213.859375 718.703125 4.725420 801.976257 627.117493 1.278829
529 39 626.230774 717.333313 3.801450 297.484680 266.105072 1.117922
530 48 308.729156 723.208313 4.126631 442.707520 374.688293 1.181535
531 62 114.709679 724.758057 4.596888 715.076233 595.068909 1.201670
532 56 354.339294 723.928589 4.379880 567.430664 506.837189 1.119552
533 23 283.695648 723.217407 3.328289 152.517532 102.265083 1.491394
534 48 497.187500 726.395813 4.249489 581.452515 285.339142 2.037759
535 46 36.086956 726.652161 4.191313 559.838074 248.248871 2.255148
536 32 382.562500 727.031250 3.431671 253.082458 123.761299 2.044924
537 33 428.969696 727.515137 3.943588 380.978912 132.233200 2.881114
538 27 469.777771 727.851868 3.421468 241.384598 74.689476 3.231842
539 28 583.357117 727.928589 3.626715 302.428925 65.856796 4.592220
540 11 528.000000 728.636353 2.637931 61.099781 15.445674 3.955786
