# Input file: /home/rlomba/cupy/pictures/run.nc
# std_scale: 1.0
# min_pts: 5
# eps: 10.746533518346354
# cluster_id num_points center_x center_y gyration_radius lambda1 lambda2 relation_between_lambdas
0 277 3695.547119 3455.574951 28.184269 116826.265625 103209.531250 1.131933
1 368 326.252441 3682.424316 31.580622 201879.359375 165140.156250 1.222473
2 340 4193.171387 173.887527 30.540373 170835.281250 146287.593750 1.167804
3 221 3435.710938 23.088810 26.861597 109742.296875 49719.242188 2.207240
4 369 393.380432 2517.088623 31.574821 192372.734375 175508.968750 1.096085
5 350 3332.856689 3494.009033 30.877310 171770.000000 161922.875000 1.060814
6 216 22.182104 1449.140381 26.692150 111747.304688 42146.406250 2.651408
7 131 62.570961 4456.848633 23.015249 55453.085938 13937.839844 3.978600
8 263 4275.580566 3726.683838 28.559160 109363.812500 105145.734375 1.040116
9 306 1033.656616 630.592773 29.788681 142206.531250 129327.312500 1.099586
10 360 4210.281738 4344.426758 31.597624 197365.062500 162062.468750 1.217833
11 353 878.440247 4227.377930 31.199717 172729.921875 170888.140625 1.010778
12 261 3885.267334 707.346924 28.731440 117093.398438 98360.960938 1.190446
13 335 4257.609375 1451.232544 30.880188 172190.718750 147260.593750 1.169293
14 317 4011.005127 4066.979492 29.626049 145212.531250 133019.265625 1.091665
15 399 134.543213 3721.237793 32.084148 206988.093750 203739.593750 1.015944
16 380 1630.826538 3296.001709 32.105331 205130.031250 186555.812500 1.099564
17 394 4288.819824 3973.600830 32.316715 212544.734375 198937.078125 1.068402
18 380 168.617935 3341.198730 32.209213 212050.140625 182174.531250 1.163994
19 365 82.303322 4230.993164 31.356667 188751.140625 170131.656250 1.109442
20 374 4115.069336 2935.141602 31.948053 209806.843750 171926.765625 1.220327
21 278 4436.167969 3652.326416 27.761797 117258.039062 97001.375000 1.208829
22 214 392.265594 4438.284180 25.901026 78441.492188 65123.210938 1.204509
23 170 4069.124268 4453.397461 24.674360 77912.304688 25587.779297 3.044903
24 234 3217.537842 4127.072266 27.297026 92046.125000 82313.750000 1.118235
25 321 4422.437012 2070.560303 30.125059 152095.765625 139217.906250 1.092501
26 429 875.067261 3938.104004 33.271988 247651.234375 227262.578125 1.089714
27 304 147.472885 2684.086670 29.852932 142556.203125 128367.867188 1.110529
28 330 1436.412109 4109.559082 30.416491 159563.468750 145740.265625 1.094848
29 310 434.755951 463.348480 29.528738 138715.859375 131587.500000 1.054172
30 313 1151.548584 4417.012695 30.169621 152413.421875 132481.062500 1.150454
31 222 1499.244385 296.878143 27.466139 86668.007812 80806.296875 1.072540
32 268 1161.054810 1906.735352 27.782825 106727.953125 100137.328125 1.065816
33 324 2441.067627 321.470367 30.549179 156792.078125 145581.656250 1.077004
34 307 3378.094727 798.094604 29.394482 139059.640625 126199.273438 1.101905
35 364 578.255798 4337.627441 31.869434 194711.671875 174988.859375 1.112709
36 303 187.586594 4087.284180 29.729992 139071.109375 128742.226562 1.080229
37 238 675.138916 3101.344727 27.530361 102734.578125 77650.562500 1.323037
38 431 1583.669800 3723.447266 33.212421 251639.109375 223781.906250 1.124484
39 437 4046.228271 4251.987793 33.633408 270834.000000 223503.046875 1.211769
40 323 952.346680 3702.020996 30.091705 149815.125000 142664.828125 1.050120
41 214 24.510689 403.156372 26.054413 96656.531250 48613.617188 1.988260
42 369 799.668518 4398.251465 31.498243 190566.875000 175532.546875 1.085650
43 438 345.023071 630.921570 33.513252 254163.437500 237771.000000 1.068942
44 262 4429.601074 587.252258 28.150465 112417.031250 95204.515625 1.180795
45 352 1176.543335 497.012817 30.604263 175287.421875 154403.156250 1.135258
46 93 732.846375 2957.982178 20.292324 21000.035156 17295.359375 1.214201
47 322 366.454590 254.137222 30.348507 150332.796875 146239.468750 1.027991
48 380 478.752258 3838.191895 31.941534 203197.203125 184502.203125 1.101327
49 311 281.232880 835.087646 30.129093 155173.843750 127140.195312 1.220494
50 247 1218.566284 660.841675 27.316553 103733.773438 80576.171875 1.287400
51 290 1641.885620 3544.370605 29.006514 126719.601562 117279.976562 1.080488
52 160 4151.395020 1024.938721 23.531704 45601.078125 42997.492188 1.060552
53 305 1842.956787 3700.793945 29.538616 140007.140625 126114.460938 1.110159
54 331 822.542175 931.996338 30.389784 159241.687500 146449.703125 1.087347
55 326 1075.669434 811.447754 30.657608 153677.312500 152726.468750 1.006226
56 299 4434.922852 779.010315 29.125072 143469.390625 110163.304688 1.302334
57 371 1441.717651 960.270447 31.890072 202606.343750 174692.000000 1.159792
58 276 3269.205566 230.824783 29.019543 127567.390625 104861.562500 1.216532
59 318 569.017639 3230.552002 29.815231 153550.781250 129134.671875 1.189075
60 262 785.677856 608.880981 27.658798 106954.375000 93478.015625 1.144166
61 253 696.298706 1058.217285 28.071545 105471.523438 93895.398438 1.123287
62 417 1101.533203 130.840927 33.233742 243418.703125 217150.125000 1.120970
63 313 1414.366211 3649.858643 29.890776 147811.250000 131841.265625 1.121130
64 347 1172.530640 2911.494873 31.042852 174519.515625 159870.031250 1.091634
65 279 4189.002441 844.241943 29.059565 130618.773438 104985.093750 1.244165
66 326 2047.380127 231.988876 30.106617 152080.000000 143409.140625 1.060462
67 359 478.336304 769.788818 31.274046 182987.500000 168138.156250 1.088316
68 243 2166.298584 362.769958 26.972317 92330.000000 84453.921875 1.093259
69 298 883.135254 75.947502 29.528749 134970.031250 124870.179688 1.080883
70 301 3665.845947 4437.755859 28.882122 138348.796875 112738.460938 1.227166
71 316 638.441650 33.285656 28.951887 152931.250000 111943.687500 1.366145
72 319 572.428467 345.276031 29.991550 147815.671875 139122.625000 1.062485
73 365 1210.844116 3618.554199 31.909962 194993.875000 176665.796875 1.103744
74 223 773.271118 4084.756348 26.570225 84084.187500 73348.656250 1.146363
75 392 517.258179 179.137054 32.446472 209601.187500 203086.046875 1.032081
76 255 1918.163696 1131.062256 27.807388 105690.289062 91488.687500 1.155228
77 327 2007.126953 3683.072510 30.496935 158357.937500 145772.703125 1.086335
78 315 2202.581299 1080.685059 29.793634 142771.265625 136841.843750 1.043330
79 380 594.785339 3681.436768 32.409576 214896.546875 184248.078125 1.166344
80 318 4069.347168 480.911865 30.095554 152812.265625 135213.828125 1.130153
81 212 61.140545 21.983606 26.396994 104591.718750 43130.152344 2.425025
82 301 1989.654541 3503.689453 29.269255 139755.875000 118107.585938 1.183293
83 309 1090.872803 329.167358 30.412636 164370.531250 121432.359375 1.353598
84 290 967.286987 4388.802734 29.016804 127365.062500 116807.648438 1.090383
85 431 797.748352 3588.014404 33.211243 253467.765625 221919.437500 1.142161
86 396 1307.081787 4266.148926 32.257366 214356.000000 197696.906250 1.084266
87 334 1215.836670 4096.634766 30.431326 165407.562500 143898.343750 1.149475
88 317 1026.198730 3246.014404 29.988977 146873.484375 138216.906250 1.062630
89 276 1014.665100 986.090027 29.105022 124147.757812 109652.500000 1.132193
90 316 1258.569946 3882.603271 30.305618 145782.734375 144441.328125 1.009287
91 249 2724.857666 625.529968 27.981138 104892.468750 90060.617188 1.164687
92 344 1609.671021 4076.320557 30.825600 164503.656250 162371.187500 1.013133
93 382 1270.542725 233.043350 32.033302 203820.171875 188162.406250 1.083214
94 335 1525.756836 2874.077393 30.724367 163873.359375 152362.203125 1.075551
95 261 1731.925659 727.072021 28.130842 111548.382812 94992.460938 1.174287
96 322 2040.301636 3334.348633 30.278721 157323.125000 137886.796875 1.140959
97 328 1608.527832 517.665894 30.841459 163630.156250 148362.000000 1.102911
98 313 1957.331055 786.843689 30.108034 155391.656250 128340.890625 1.210773
99 423 893.768677 768.847168 33.309395 244222.015625 225103.156250 1.084934
100 417 1909.393921 4190.573242 33.074497 242628.453125 213537.187500 1.136235
101 343 2050.711670 534.801270 30.370310 170255.140625 146112.843750 1.165231
102 236 1326.043213 398.910614 27.243147 98174.046875 76982.570312 1.275276
103 256 1104.699829 4249.959473 28.303726 107382.765625 97699.062500 1.099118
104 361 2382.132324 3512.240723 31.351261 184327.375000 170500.078125 1.081098
105 253 702.767700 759.320557 28.222610 106541.960938 94976.523438 1.121772
106 327 143.016266 3529.792480 30.128063 162053.468750 134764.515625 1.202494
107 373 2076.654541 4281.585449 31.668560 189763.343750 184317.484375 1.029546
108 260 3736.328125 2579.427734 27.457275 102632.132812 93382.382812 1.099052
109 197 2061.206543 50.340950 25.415445 71067.875000 56183.261719 1.264930
110 293 1937.202271 382.964264 29.361387 128572.539062 124020.148438 1.036707
111 331 2687.076904 3629.319092 30.861286 163620.437500 151630.250000 1.079075
112 340 2081.653809 4106.517578 31.302309 183644.765625 149498.984375 1.228402
113 286 1876.169556 610.224731 29.416140 135652.750000 111825.718750 1.213073
114 232 2839.300049 3718.014893 27.515512 97843.000000 77804.992188 1.257542
115 434 2493.298096 3973.349854 33.434444 245989.234375 239162.859375 1.028543
116 357 1560.228760 4402.604004 31.575020 190711.937500 165210.609375 1.154356
117 290 3624.750488 3073.478271 28.910814 125668.960938 116723.242188 1.076640
118 401 3453.351318 3166.483398 32.405247 223234.171875 197855.921875 1.128266
119 134 3245.467773 4455.725098 22.884033 53621.066406 16551.919922 3.239568
120 381 3392.246826 3668.742188 31.767569 206680.531250 177816.453125 1.162325
121 211 2771.987061 107.294052 26.393002 77261.304688 69719.296875 1.108177
122 292 1884.579834 3233.729980 29.165382 135947.437500 112433.453125 1.209137
123 315 2749.956055 4401.860352 29.606075 160190.687500 115913.000000 1.381991
124 274 1759.783691 2933.625000 28.148724 113728.164062 103375.898438 1.100142
125 378 2260.577148 1489.179565 32.245441 203911.703125 189120.750000 1.078209
126 368 2213.010254 3989.199951 31.529665 196522.390625 169313.718750 1.160700
127 371 2502.782471 3643.566406 31.643740 191593.125000 179898.937500 1.065004
128 325 2306.949951 4200.406738 30.353031 152692.000000 146732.625000 1.040614
129 345 3353.515869 4006.511963 31.098085 174029.468750 159616.890625 1.090295
130 313 2894.956055 292.694305 30.097286 142608.593750 140921.421875 1.011972
131 298 2218.135986 4409.539062 29.489004 137822.453125 121318.765625 1.136036
132 410 2459.480225 4339.014648 32.477432 221989.296875 210472.000000 1.054721
133 338 2561.447021 651.815735 30.936380 172252.609375 151233.546875 1.138984
134 241 2909.838867 3561.112061 27.269602 96482.156250 82732.968750 1.166188
135 378 2490.921387 4153.279297 31.792921 204437.328125 177641.218750 1.150844
136 389 1238.467163 2187.732422 32.052414 202480.218750 197161.781250 1.026975
137 260 1750.465332 393.790802 27.934004 107056.789062 95823.453125 1.117229
138 219 2805.403320 3888.153320 26.002998 79224.828125 68853.320312 1.150632
139 336 3338.331055 4333.737305 30.717882 167873.968750 149171.703125 1.125374
140 113 2591.855469 21.467562 20.860144 31413.134766 17758.318359 1.768925
141 298 2907.388184 3143.051025 29.313925 137755.843750 118317.414062 1.164291
142 350 3432.562256 309.995789 30.965837 177129.968750 158479.109375 1.117687
143 356 2707.183105 291.342743 31.382521 194214.890625 156396.187500 1.241814
144 342 3109.775635 638.292603 30.952129 170495.781250 157151.937500 1.084911
145 367 3053.973877 1080.859985 31.451733 187647.578125 175393.031250 1.069869
146 332 2309.761963 695.330933 30.471554 158639.125000 149628.031250 1.060223
147 321 3485.065918 3397.995605 30.644588 163591.078125 137857.046875 1.186672
148 256 3952.640137 3582.358154 28.223003 105863.890625 98049.828125 1.079695
149 291 3817.628906 368.694672 29.102325 125981.296875 120479.812500 1.045663
150 316 4354.076172 3476.308594 29.741810 142838.812500 136686.968750 1.045007
151 310 1826.856689 907.541626 29.677309 145020.046875 128010.171875 1.132879
152 312 1699.405029 4237.058105 29.595484 146279.062500 126999.445312 1.151809
153 316 2993.490723 476.266754 29.619692 146451.703125 130783.359375 1.119804
154 368 2229.169434 3247.140869 31.281563 196962.718750 163138.609375 1.207334
155 314 3017.759766 3899.325684 29.941025 147019.203125 134470.796875 1.093317
156 338 2045.714111 3867.532227 31.291662 192739.921875 138218.906250 1.394454
157 293 3110.189941 322.901825 29.154646 135962.593750 113085.445312 1.202300
158 268 3003.726807 3426.914062 28.014101 106726.445312 103597.242188 1.030205
159 321 3200.773682 796.099670 30.202932 154954.421875 137867.281250 1.123939
160 423 3833.023926 3748.533447 33.402889 257624.640625 214338.859375 1.201950
161 316 2648.629639 4252.804688 29.889809 156818.218750 125496.398438 1.249583
162 321 2549.666504 180.108078 29.331522 151250.531250 124918.039062 1.210798
163 286 1872.964844 206.130997 28.390596 123676.937500 106846.492188 1.157520
164 468 3079.715088 3713.688477 34.467239 299021.500000 256958.109375 1.163697
165 265 2950.291748 4298.035156 28.792837 112440.187500 107252.078125 1.048373
166 308 3211.167725 1368.786011 29.541691 138121.250000 130673.882812 1.056992
167 350 3692.973877 3646.004639 31.227423 180266.609375 161036.546875 1.119414
168 366 2907.250977 637.076294 31.403246 184917.125000 176018.875000 1.050553
169 386 3010.608887 4078.079590 32.742249 223704.828125 190108.375000 1.176723
170 171 2940.169189 18.903425 24.026724 72653.390625 26062.087891 2.787704
171 181 2609.050293 445.009399 25.029957 59806.871094 53589.410156 1.116020
172 295 4024.807129 3255.050049 29.181025 134008.531250 117193.460938 1.143481
173 415 3639.738037 4171.197266 33.026184 245547.187500 207105.296875 1.185615
174 386 3851.156494 4210.825684 32.564842 215278.171875 194062.796875 1.109322
175 390 4130.269043 3869.763672 32.443882 220753.687500 189762.421875 1.163316
176 147 2938.233887 4454.262695 23.180758 59257.089844 19733.000000 3.002944
177 380 3415.966064 1398.361816 31.996334 208597.953125 180432.875000 1.156097
178 242 3151.082031 3553.439209 27.171215 97250.390625 81412.148438 1.194544
179 321 3218.269287 3846.481201 29.978735 152863.750000 135626.828125 1.127091
180 304 2247.612305 864.460449 29.737680 144399.015625 124437.203125 1.160417
181 367 2028.280884 1298.645996 31.584490 191582.468750 174529.390625 1.097709
182 316 3274.892578 437.949799 30.372501 156608.734375 134897.750000 1.160944
183 350 3017.000000 820.023926 31.500555 192857.734375 154442.015625 1.248739
184 300 2772.074951 1672.539307 30.001625 139822.921875 130206.335938 1.073856
185 309 3450.528320 4166.597656 29.195816 134201.921875 129188.343750 1.038808
186 292 2284.639404 256.467010 29.430920 139311.453125 113612.835938 1.226195
187 349 4394.551758 4353.010742 31.083138 175695.609375 161494.750000 1.087934
188 222 3092.203369 144.870438 26.637602 83250.992188 74271.734375 1.120897
189 297 3227.741699 2664.196777 29.442535 133137.656250 124320.632812 1.070922
190 273 2230.551270 545.563293 28.140987 115837.171875 100355.664062 1.154266
191 339 1762.356567 4420.480469 30.198784 167196.109375 141960.562500 1.177765
192 316 3687.710449 535.175171 30.015827 154007.500000 130692.648438 1.178395
193 248 4024.561279 3738.769287 27.462866 96236.359375 90807.484375 1.059784
194 381 3841.049316 905.148621 31.770996 195756.953125 188823.015625 1.036722
195 231 240.707047 453.772156 26.856892 89250.953125 77367.648438 1.153595
196 359 4134.653809 3118.116699 31.498375 185701.406250 170479.578125 1.089288
197 321 3165.265869 2859.118408 29.883354 146979.843750 139677.937500 1.052277
198 242 2685.779785 2302.543213 27.589365 101038.968750 83164.914062 1.214923
199 319 2670.518066 4025.115967 30.272015 149210.156250 143119.828125 1.042554
200 365 4342.471191 268.073578 31.273926 185871.078125 171120.250000 1.086202
201 393 3038.457031 2726.448242 32.342007 208310.406250 202769.750000 1.027325
202 128 4068.967529 16.599888 21.754038 43591.585938 16982.898438 2.566793
203 305 3549.954102 3990.921387 29.721132 144441.281250 124979.164062 1.155723
204 283 261.124786 90.785919 29.161324 126891.562500 113766.757812 1.115366
205 212 4176.691895 340.053497 25.933832 77219.156250 65364.347656 1.181365
206 342 3976.013428 150.448792 30.849453 166544.984375 158932.562500 1.047897
207 93 3435.888428 4460.258789 21.231853 34955.921875 6967.694824 5.016856
208 339 3536.896729 3568.118652 30.921013 171409.625000 152711.359375 1.122442
209 344 3118.756104 4325.099609 30.836298 170348.156250 156753.609375 1.086726
210 285 299.255920 3470.759521 28.252823 126612.203125 100881.078125 1.255064
211 259 4158.972168 3587.030273 27.912497 104587.218750 97201.617188 1.075982
212 348 590.626221 915.922302 31.404732 175479.765625 167737.718750 1.046156
213 278 3719.176514 2295.273682 28.737118 118778.726562 110799.773438 1.072012
214 291 3566.437012 181.900406 29.516115 133203.765625 120315.734375 1.107118
215 256 91.574234 217.995270 28.043215 111150.507812 90173.500000 1.232630
216 250 3721.324463 1567.526001 28.521873 108879.367188 94494.953125 1.152224
217 284 3558.485840 3784.578857 29.264826 128818.796875 114407.328125 1.125966
218 338 3521.691650 1558.407715 30.642591 169964.843750 147406.468750 1.153035
219 325 436.032318 1816.167114 30.506611 159557.468750 142904.843750 1.116529
220 333 65.229126 1833.427979 30.695827 162613.578125 151150.296875 1.075840
221 155 104.496323 3906.026123 24.861069 51223.902344 44577.375000 1.149101
222 277 777.188660 1249.858765 29.443806 128737.703125 111404.046875 1.155593
223 323 501.494873 3524.913330 30.138212 157388.968750 135995.734375 1.157308
224 378 4313.474609 473.146606 31.727661 202983.203125 177528.421875 1.143384
225 293 360.433105 3118.720703 29.309933 132653.671875 119054.460938 1.114227
226 269 1235.304688 859.154846 28.567177 111475.210938 108051.289062 1.031688
227 349 4189.126953 4154.683594 31.165031 173626.734375 165342.687500 1.050102
228 278 687.133423 3942.883545 28.385252 118589.835938 105401.031250 1.125130
229 323 3758.291504 153.764603 30.336849 153980.640625 143284.140625 1.074652
230 227 4449.488770 3340.049316 26.242083 113214.796875 43108.035156 2.626304
231 310 397.383423 4052.311279 29.619335 147883.359375 124081.187500 1.191827
232 268 474.365234 1396.982788 28.645805 117636.523438 102279.507812 1.150148
233 306 3344.314697 631.599365 29.083870 138680.734375 120155.945312 1.154173
234 231 762.335266 216.035141 28.098053 100805.914062 81568.726562 1.235840
235 350 3463.872559 499.097534 31.140598 172670.406250 166737.484375 1.035582
236 306 3927.025635 3904.062500 30.129450 154571.375000 123210.460938 1.254531
237 264 4401.118164 3834.313477 27.928511 103341.171875 102579.265625 1.007427
238 317 348.324524 1524.462158 30.170216 151281.406250 137265.265625 1.102110
239 310 697.160461 464.237335 29.303408 139862.125000 126331.687500 1.107102
240 354 402.402710 2330.694092 30.992954 173383.812500 166655.562500 1.040372
241 383 4051.120850 663.914795 31.820492 217360.906250 170443.328125 1.275268
242 275 3621.384766 1405.591675 28.492975 114856.515625 108402.140625 1.059541
243 255 627.304626 3405.067871 28.274284 111000.664062 92855.312500 1.195415
244 363 138.144440 675.994507 32.217258 190965.078125 185811.437500 1.027736
245 303 1763.988403 1140.917236 29.944414 146516.234375 125174.156250 1.170499
246 245 233.752625 1057.673096 27.627439 106374.257812 80628.226562 1.319318
247 421 1655.145752 982.269653 33.390621 241077.562500 228309.453125 1.055925
248 353 381.281555 4231.350098 31.427210 180211.609375 168435.750000 1.069913
249 296 354.528076 1211.348267 29.240440 132135.156250 120945.828125 1.092515
250 302 1051.147095 3500.661865 29.618698 146143.171875 118791.554688 1.230249
251 311 1556.183228 134.602051 30.316538 157362.156250 128475.601562 1.224841
252 309 934.040039 249.073471 29.914356 152969.859375 123544.578125 1.238175
253 236 2391.075928 48.932529 26.835411 86815.320312 83137.539062 1.044237
254 346 4015.285400 856.121643 30.495893 166298.046875 155481.812500 1.069566
255 257 1252.764038 1565.883057 27.780010 103852.976562 94481.367188 1.099190
256 345 3837.009766 3194.037598 31.034731 172292.218750 159996.093750 1.076853
257 336 1219.637329 1186.272461 30.656155 165332.750000 150439.968750 1.098995
258 273 1107.818115 3769.597168 28.762680 120146.460938 105704.179688 1.136629
259 318 748.530029 3788.599365 30.273996 161551.718750 129900.015625 1.243662
260 338 561.906982 2418.494873 30.872229 163858.921875 158287.031250 1.035201
261 332 1491.426636 3907.420654 31.101055 169136.156250 151999.343750 1.112743
262 355 1375.321167 3011.132812 31.153646 175446.687500 169098.453125 1.037542
263 33 640.911926 4464.685059 16.988808 8553.298828 971.148254 8.807407
264 368 2019.806030 974.564819 31.830820 198430.953125 174427.031250 1.137616
265 302 1735.915649 1494.740845 29.376362 143655.000000 116962.140625 1.228218
266 319 950.683289 475.314178 30.319685 163494.875000 129756.507812 1.260013
267 330 2308.803711 2844.814697 30.502756 163031.843750 144006.140625 1.132117
268 392 1756.117554 3892.938477 32.456875 218947.593750 194004.343750 1.128571
269 382 1596.373047 3059.390137 32.063549 213641.640625 179081.546875 1.192985
270 257 2348.134521 1678.469360 28.330917 105899.632812 100379.070312 1.054997
271 309 1360.465454 76.349815 29.678219 137135.218750 135030.968750 1.015584
272 371 2431.431885 3333.797852 31.876009 199261.609375 177704.062500 1.121311
273 248 2397.653320 529.487915 27.716621 98648.031250 91868.328125 1.073798
274 389 1949.383301 1724.263550 32.632504 225862.234375 188376.234375 1.198995
275 346 2147.868652 2932.821777 30.789251 170860.109375 157140.296875 1.087309
276 233 1022.290649 4058.833984 26.778826 92866.398438 74219.179688 1.251245
277 353 2384.383301 3831.254639 31.494669 178436.859375 171708.843750 1.039183
278 208 1409.382202 780.129456 26.718409 87161.070312 61324.589844 1.421307
279 272 2841.680908 807.677063 28.749195 117583.437500 107228.960938 1.096564
280 53 2589.383301 4460.146973 17.585400 11929.434570 4460.619141 2.674390
281 339 4274.518555 687.319580 30.977758 183018.046875 142293.656250 1.286200
282 356 425.602295 1003.126404 31.747751 190546.359375 168273.046875 1.132364
283 268 3094.397949 1688.772583 28.235559 111999.117188 101663.039062 1.101670
284 167 3691.783691 698.295654 24.839699 55413.546875 47627.234375 1.163484
285 357 2069.389160 3150.274414 31.548124 201832.718750 153483.703125 1.315011
286 279 2046.338745 1479.426514 29.092628 127568.890625 108571.429688 1.174977
287 359 2846.315918 3334.129883 31.532227 194228.796875 162718.171875 1.193652
288 250 3894.873291 521.105896 27.659517 109051.242188 82210.968750 1.326481
289 341 3420.523193 1001.019226 31.394300 181716.921875 154373.406250 1.177126
290 228 3982.959229 1029.892700 27.129988 89586.554688 78229.718750 1.145173
291 378 4413.963867 1280.214111 32.032772 209442.171875 178423.078125 1.173851
292 368 3514.237061 687.251404 31.457970 184959.546875 179214.656250 1.032056
293 286 4117.104980 1228.334106 29.010780 131232.953125 109471.890625 1.198782
294 337 91.893997 907.126831 30.937073 165353.046875 157190.484375 1.051928
295 292 3292.470215 3270.700684 29.148607 131357.750000 116737.500000 1.125240
296 231 4451.363281 3057.195557 27.952383 135280.296875 45208.246094 2.992381
297 227 3903.878662 3371.699951 27.192934 87412.921875 80443.500000 1.086637
298 310 3695.744385 3875.037842 29.695473 142013.375000 131351.187500 1.081173
299 250 3613.791748 374.060852 27.840492 99197.328125 94575.914062 1.048865
300 114 3243.747314 13.976897 22.724520 47858.378906 11011.649414 4.346159
301 304 2641.170410 3822.206299 29.670305 144920.562500 122698.843750 1.181108
302 182 4436.144043 4090.694336 24.913479 57500.152344 55463.871094 1.036714
303 249 3990.789795 318.976593 28.131643 110354.226562 86701.734375 1.272803
304 264 2876.918945 976.119141 27.934345 106783.296875 99223.210938 1.076193
305 200 3208.464600 3111.221680 25.739597 68735.429688 63769.941406 1.077866
306 287 3654.313232 3267.584229 28.986300 126079.757812 115059.218750 1.095781
307 205 109.085663 1201.840942 26.269049 75728.406250 65734.492188 1.152035
308 294 3028.940186 1429.043457 29.944258 145598.765625 118018.851562 1.233691
309 268 2132.398682 722.435120 28.369436 113262.210938 102430.882812 1.105743
310 411 216.452728 1381.759766 33.011440 240823.828125 207065.578125 1.163032
311 240 3404.699707 2633.971924 27.502968 99259.718750 82279.453125 1.206373
312 310 3028.454346 2549.608154 30.184875 148617.968750 133831.312500 1.110487
313 62 4461.767578 407.335297 21.127432 24088.740234 3586.100830 6.717251
314 98 4458.501465 1053.081665 20.356663 31321.232422 9289.350586 3.371735
315 220 1065.055908 1381.249390 27.167459 85759.023438 76616.578125 1.119327
316 422 279.335632 3867.509521 33.500896 244936.546875 228678.312500 1.071097
317 290 3758.953857 1071.103882 28.968843 128851.898438 114514.312500 1.125203
318 341 3519.272461 2433.761963 30.754044 171042.734375 151478.875000 1.129152
319 284 1206.337036 3285.762451 29.307083 133102.171875 110826.875000 1.200992
320 346 143.615738 3143.278564 31.572580 183201.375000 161701.046875 1.132963
321 268 1554.569702 692.723633 28.739477 116495.101562 104861.531250 1.110942
322 323 4027.407959 1423.317627 30.531992 157462.812500 143638.593750 1.096243
323 131 4378.667969 95.061226 23.673853 43731.207031 29687.914062 1.473031
324 266 1174.569214 3118.112549 28.511765 115561.656250 100675.242188 1.147866
325 254 898.420837 3386.862061 27.719559 106326.187500 88840.789062 1.196817
326 76 4461.567871 2564.503418 19.512171 24060.730469 4874.354004 4.936189
327 246 1231.790161 2396.592041 27.272671 99139.132812 83835.312500 1.182546
328 396 2757.102539 1412.177612 32.538090 218428.328125 200827.656250 1.087641
329 340 1387.495728 1156.722656 30.463879 164495.500000 151040.781250 1.089080
330 340 891.619751 1479.301514 30.958626 169479.093750 156389.312500 1.083700
331 276 1638.605591 1336.288574 28.343651 115129.710938 106598.343750 1.080033
332 358 1242.386230 2607.120117 31.523899 189688.312500 166076.421875 1.142175
333 267 1702.568359 229.061081 28.335936 108859.585938 105521.445312 1.031635
334 235 3395.756348 2799.512207 26.927452 87258.359375 83137.242188 1.049570
335 248 2727.695068 1022.930725 28.367235 103409.687500 96155.929688 1.075437
336 260 1373.916870 3287.933105 27.919138 110586.453125 92077.898438 1.201010
337 260 3283.449951 1148.759888 27.990492 105410.976562 98290.601562 1.072442
338 267 599.526489 4154.416992 28.087055 109341.835938 101289.820312 1.079495
339 349 2808.062012 454.028748 31.155998 173619.468750 165153.515625 1.051261
340 246 2819.507080 4168.891113 27.482788 97864.140625 87940.546875 1.112844
341 262 2233.460449 1315.660767 28.550451 115510.359375 98053.234375 1.178037
342 222 3934.180664 1192.702271 26.357973 80922.062500 73310.835938 1.103821
343 331 2957.464111 2933.297852 30.503647 159633.765625 148352.640625 1.076043
344 296 2678.436035 3421.167236 29.380186 132628.234375 122877.601562 1.079352
345 350 4071.022949 3429.556885 30.835054 172599.000000 160181.203125 1.077523
346 298 2728.382568 3140.014893 29.182367 137636.437500 116143.500000 1.185055
347 269 4245.097656 3327.738281 28.075296 110121.101562 101910.695312 1.080565
348 316 3350.537109 3013.166260 29.800465 146964.234375 133665.156250 1.099496
349 341 3652.011475 1885.389526 30.631380 167367.875000 152586.078125 1.096875
350 322 3595.667725 942.561462 30.748804 166619.343750 137828.093750 1.208892
351 285 4098.900391 2202.225586 28.984753 123003.070312 116429.953125 1.056455
352 196 3889.847656 1624.539429 26.154268 71642.742188 62430.226562 1.147565
353 358 4175.409180 1789.343872 31.129900 182171.328125 164755.953125 1.105704
354 321 2590.058350 3239.398926 30.048130 157193.015625 132634.718750 1.185157
355 307 755.590515 3254.515869 30.086203 154560.250000 123329.882812 1.253226
356 220 585.495056 577.427307 26.543255 82375.789062 72623.968750 1.134278
357 333 4271.838867 2994.583984 30.922411 170313.500000 148099.593750 1.149993
358 386 85.244461 1654.293701 32.361698 209056.781250 195193.156250 1.071025
359 268 866.164307 1107.503906 28.338949 113188.382812 102041.367188 1.109240
360 317 4355.754883 924.927368 30.682276 155634.625000 142789.828125 1.089956
361 346 986.076782 2964.941162 30.556520 162022.625000 161037.906250 1.006115
362 256 878.466797 2654.278320 27.971893 105825.421875 94475.843750 1.120132
363 287 3783.963867 1287.518677 29.410549 133611.406250 114637.960938 1.165508
364 350 3960.615723 3068.485352 31.325628 187494.125000 155959.125000 1.202200
365 223 551.634705 2991.945312 27.123440 95086.460938 68970.406250 1.378656
366 224 1197.417847 1733.914185 27.009563 88558.054688 74853.632812 1.183083
367 365 1399.849609 571.664185 32.130623 195422.781250 181394.796875 1.077334
368 218 1834.532349 1320.713745 26.351709 85547.164062 65834.781250 1.299422
369 350 2221.843994 3640.471191 31.199955 177634.281250 163068.703125 1.089322
370 278 2871.392822 2233.115234 28.446724 114859.671875 110102.398438 1.043208
371 309 1351.873901 1892.118164 29.335751 135737.984375 130183.164062 1.042669
372 330 1573.316406 1176.076294 30.407047 156998.640625 148115.562500 1.059974
373 274 1920.041748 3975.375000 28.922718 125140.460938 104067.023438 1.202499
374 287 648.290222 2788.436523 28.791710 130285.726562 107626.539062 1.210535
375 298 2519.528320 1697.649170 29.207748 133445.312500 120776.265625 1.104897
376 308 2838.870361 1940.079590 29.719181 140790.890625 131243.875000 1.072742
377 81 3534.958740 4327.134766 19.684399 16486.775391 14898.746094 1.106588
378 226 3207.162842 969.174988 26.951918 91792.820312 72374.898438 1.268296
379 190 21.568420 1050.959351 24.749254 83526.031250 32853.832031 2.542353
380 332 2619.613037 1176.915649 30.445932 157717.359375 150031.640625 1.051227
381 345 2196.369141 3443.117432 30.543476 164317.484375 157534.375000 1.043058
382 249 3059.980469 3261.196777 27.784376 103333.773438 88887.148438 1.162528
383 366 3980.682129 2790.354980 32.231071 196662.468750 183553.718750 1.071416
384 306 168.617920 2452.044434 30.466017 144264.937500 139757.593750 1.032251
385 304 2501.432129 2973.456543 30.047375 143997.421875 130467.375000 1.103704
386 400 4351.514160 1898.434570 33.101280 238760.375000 199517.546875 1.196689
387 278 28.414606 2558.285400 28.134884 138235.500000 81821.421875 1.689478
388 208 3055.822021 3069.074707 26.355320 80510.070312 63967.335938 1.258612
389 204 1174.581543 1019.646851 26.691345 80190.359375 65144.941406 1.230953
390 227 4352.432129 3188.211426 27.068100 95700.312500 70618.515625 1.355173
391 267 4073.030029 1610.843628 28.419893 112208.421875 103444.890625 1.084717
392 134 658.631531 1358.695068 23.415434 39592.304688 33877.558594 1.168688
393 380 1027.440308 1204.258667 31.807196 205688.453125 178756.671875 1.150662
394 304 1473.045776 3480.906738 29.231363 138891.421875 120868.265625 1.149114
395 377 1769.076416 1866.620850 31.889967 197005.437500 186392.265625 1.056940
396 309 2444.792725 810.727905 29.435452 138662.593750 129069.156250 1.074328
397 377 2399.888672 1192.313110 31.435034 189884.890625 182651.937500 1.039600
398 59 1880.993164 51.007557 19.459299 14453.221680 7887.971680 1.832312
399 358 4294.790527 2274.857422 31.096846 186822.609375 159368.343750 1.172269
400 363 2123.466309 1905.057983 31.456863 194397.703125 164803.234375 1.179575
401 265 3176.044922 3385.886963 27.862373 110698.203125 95024.429688 1.164945
402 260 2451.996582 3138.229492 27.979181 108721.257812 94815.726562 1.146659
403 215 2893.024170 1545.272095 26.545769 85747.984375 65757.742188 1.303998
404 211 2369.684326 988.231628 26.473059 77091.179688 70782.445312 1.089128
405 330 3006.092285 1241.930908 30.476189 155513.187500 150990.187500 1.029956
406 343 3855.408203 1459.938354 30.825504 170191.546875 155731.093750 1.092855
407 383 2940.906982 1775.612305 32.051453 210883.671875 182570.546875 1.155080
408 265 2563.454590 951.931580 28.490992 110561.960938 104548.226562 1.057521
409 330 2975.059326 2385.177979 30.265018 164090.421875 138180.125000 1.187511
410 278 3829.974365 2437.933350 28.994335 121772.648438 111934.039062 1.087896
411 316 1034.370850 1631.404663 29.708813 147451.625000 131454.265625 1.121695
412 178 17.532692 3054.350098 25.647566 93542.460938 23545.523438 3.972834
413 284 4001.563477 1815.545776 28.649729 125769.648438 107339.515625 1.171700
414 299 1452.238770 2666.288330 29.687038 139750.703125 123764.070312 1.129170
415 316 3533.510010 2919.781250 30.503378 163651.093750 130373.007812 1.255253
416 312 1472.642334 1553.233398 29.588331 147637.390625 125509.046875 1.176309
417 284 1798.182617 2529.987061 28.632683 116848.945312 115982.929688 1.007467
418 231 3623.712646 1200.248657 26.941597 85211.742188 82459.531250 1.033376
419 355 2629.141846 2855.420654 30.938976 184474.171875 155339.031250 1.187558
420 177 2300.423096 3017.580566 25.145361 59088.066406 52827.109375 1.118518
421 350 2437.475098 2496.737793 30.954035 189050.656250 146302.640625 1.292189
422 239 1783.422241 3453.665283 27.293739 95509.414062 82533.203125 1.157224
423 308 4385.793945 1724.667603 29.293861 136011.187500 128292.953125 1.060161
424 363 3752.623291 2782.742432 31.571407 200699.843750 161121.781250 1.245641
425 293 2872.283691 2613.108398 29.457373 133956.312500 120290.570312 1.113606
426 200 2764.215576 2987.522461 26.023933 74049.234375 61399.777344 1.206018
427 321 3941.286621 2282.809326 30.313484 149567.218750 145402.031250 1.028646
428 250 3425.927002 1704.648071 27.916555 100687.140625 94146.382812 1.069474
429 310 1613.057617 1727.233887 29.665497 140898.046875 131914.875000 1.068098
430 327 265.258148 1759.726685 30.593634 158389.765625 147672.578125 1.072574
431 255 1066.393066 2350.729004 28.115469 107765.804688 93806.492188 1.148810
432 227 823.932983 2821.449951 27.011837 92342.640625 73285.484375 1.260040
433 274 1441.676392 1326.164062 28.004913 116383.804688 98507.578125 1.181471
434 199 2300.557617 1860.910645 25.310286 70398.023438 57083.472656 1.233247
435 197 545.140564 1151.234009 25.813860 70283.812500 60988.191406 1.152417
436 334 2424.851318 1385.029785 30.018253 155193.984375 145771.906250 1.064636
437 307 2694.996826 2667.227295 29.630589 146825.000000 122712.328125 1.196498
438 70 1882.110229 1465.973755 19.944685 16020.504883 11824.826172 1.354819
439 271 2960.274902 2092.266602 28.385933 115550.515625 102810.765625 1.123915
440 271 4238.967285 2023.954834 28.230175 117583.625000 98387.859375 1.195103
441 238 114.203026 2024.015747 27.491339 96412.648438 83461.492188 1.155175
442 288 4284.502930 1146.161011 29.151619 137152.359375 107594.890625 1.274711
443 354 1414.741821 2332.561279 31.603695 177716.734375 175856.171875 1.010580
444 259 1989.758667 2479.597412 28.366785 112137.656250 96273.023438 1.164788
445 262 2296.076904 2020.137207 28.090073 111287.421875 95444.242188 1.165994
446 271 3163.022949 2376.329834 28.265337 113669.429688 102840.390625 1.105299
447 253 407.606781 3339.015381 27.812775 110504.695312 85203.570312 1.296949
448 367 550.056519 2641.010010 31.426722 191638.750000 170824.718750 1.121844
449 360 1045.051392 2141.863037 31.586254 187920.375000 171248.546875 1.097355
450 328 1899.637939 3062.330322 30.351856 160211.781250 141953.375000 1.128623
451 246 2286.429443 2202.663818 27.177279 96617.140625 85079.570312 1.135609
452 263 1408.131226 1728.542969 27.748428 107902.398438 94601.093750 1.140604
453 320 1926.269897 1925.203735 30.053288 151574.078125 137449.937500 1.102759
454 120 4457.743164 1450.666260 22.732033 50421.621094 11587.813477 4.351263
455 367 2620.490723 2072.432861 32.225662 194141.671875 186985.375000 1.038272
456 316 2808.085938 1225.041748 29.576946 149885.656250 126549.789062 1.184401
457 319 3937.917725 2588.766357 30.451912 164349.671875 131465.078125 1.250139
458 248 3879.109863 2115.574707 28.129574 101533.781250 94701.898438 1.072141
459 370 1262.596313 1360.188110 32.217644 200743.359375 183307.968750 1.095115
460 202 150.082382 2884.212158 26.342379 84331.289062 55840.722656 1.510211
461 285 2156.923340 1650.574097 29.110870 123746.351562 117774.851562 1.050703
462 127 2594.077148 1487.727417 23.095881 37123.968750 30620.335938 1.212396
463 337 3286.549805 2487.388428 30.979355 165878.859375 157546.921875 1.052886
464 354 3412.460449 2065.132812 31.486794 180722.546875 170239.484375 1.061578
465 212 3835.557129 2938.313477 26.616255 82200.039062 67986.062500 1.209072
466 256 4348.713867 2661.475342 27.967209 107982.281250 92251.906250 1.170515
467 173 1774.685913 1675.126465 24.881483 58931.039062 48171.218750 1.223366
468 314 1693.310547 2037.055908 29.628853 151892.218750 123758.609375 1.227327
469 274 4164.624023 2751.382812 28.890079 119269.523438 109420.929688 1.090006
470 285 4014.313965 1997.187500 28.310541 115916.500000 112507.234375 1.030303
471 245 4371.551758 2827.866699 27.952108 103988.507812 87435.000000 1.189324
472 358 488.738739 1648.390503 31.501080 179027.234375 176222.593750 1.015915
473 232 1415.014160 2504.017334 27.391441 91251.148438 82816.375000 1.101849
474 259 1057.546265 2735.885986 27.315525 107848.320312 85401.406250 1.262840
475 249 2674.621826 1813.965332 27.559122 104579.828125 84536.968750 1.237090
476 230 2444.617188 2121.290771 27.009178 95546.125000 72237.882812 1.322659
477 270 3814.096924 1772.387695 28.209660 110199.398438 104662.531250 1.052902
478 370 1557.761841 1917.605591 31.689451 189840.640625 181721.250000 1.044680
479 235 1282.801270 3454.012939 26.715084 87565.812500 80152.695312 1.092487
480 292 2237.659424 2431.125244 29.644466 138611.937500 117996.015625 1.174717
481 275 3171.146973 2064.302490 28.341610 113549.242188 107343.656250 1.057810
482 326 856.337891 1663.159302 30.638704 162063.109375 143962.953125 1.125728
483 350 1950.869507 2876.799561 31.313629 190313.109375 152877.078125 1.244877
484 33 3668.969971 6.674955 16.932909 8792.220703 669.651428 13.129547
485 307 888.382629 2229.602295 29.593950 140197.921875 128673.242188 1.089566
486 293 1731.974243 2712.172119 29.658060 137147.125000 120575.843750 1.137434
487 302 2090.426025 2301.817871 29.754356 140915.406250 126451.750000 1.114381
488 356 3067.782959 2236.694580 31.765190 187254.500000 171959.234375 1.088947
489 311 620.496704 1895.007202 29.207996 137190.296875 128125.992188 1.070745
490 203 551.628601 2232.548828 26.315552 73356.773438 67222.406250 1.091255
491 372 3231.212402 1563.772827 31.677212 204719.000000 168562.812500 1.214497
492 259 4309.633789 2464.838867 28.081347 112396.250000 91841.320312 1.223809
493 370 1898.645996 2162.983398 31.767328 193905.000000 179485.343750 1.080339
494 94 13.666162 2376.637451 20.665575 32315.900391 7828.305664 4.128084
495 349 320.654449 2952.384033 31.430731 186683.921875 158089.968750 1.180871
496 261 695.654236 1525.494751 28.427780 117566.953125 93357.226562 1.259324
497 255 2507.357178 2320.383057 27.712366 101666.406250 94167.289062 1.079636
498 415 2659.385498 2485.422363 32.694611 235375.578125 208233.484375 1.130345
499 268 392.056427 2726.757080 28.215450 118797.007812 94560.898438 1.256302
500 315 1338.595093 2837.124023 29.434048 142647.828125 130256.585938 1.095129
501 294 1434.265259 2049.361084 29.469986 134627.796875 120705.343750 1.115342
502 351 4117.025879 2571.963379 30.944021 173875.421875 162218.484375 1.071859
503 297 1604.341431 2449.564209 29.631716 133168.578125 127608.882812 1.043568
504 319 1748.995728 2346.001953 29.803297 155405.062500 127942.390625 1.214649
505 113 879.404602 3115.778809 21.480814 29849.400391 22291.669922 1.339038
506 156 3602.773926 2686.536133 24.555117 50184.371094 43876.417969 1.143766
507 394 3493.201172 2245.199707 32.553593 223659.328125 193876.796875 1.153616
508 296 3814.853516 1947.568604 29.409016 136446.109375 119561.390625 1.141222
509 216 4069.946289 2398.806641 26.421768 80928.742188 69862.984375 1.158392
510 261 3300.589355 2248.590088 27.831446 105988.523438 96179.296875 1.101989
511 265 2137.279297 2590.988037 28.518475 111145.148438 104380.257812 1.064810
512 276 3135.438965 1878.246338 28.542227 118589.632812 106256.171875 1.116073
513 370 328.404022 2051.950684 31.681629 195556.890625 175821.593750 1.112246
514 317 889.128357 2041.546509 29.859680 155715.203125 126922.148438 1.226856
515 328 2089.243408 2769.214600 30.195354 162396.140625 136660.953125 1.188314
516 226 2835.841553 2780.252930 26.625561 81719.578125 78496.460938 1.041061
517 217 3669.318359 2064.043457 26.531288 78558.765625 74189.539062 1.058893
518 6 394.095612 3.045788 5.629272 177.071609 13.060560 13.557734
519 283 3292.087891 1818.522705 28.969385 126941.437500 110559.320312 1.148175
520 346 2084.642578 2083.831543 31.428068 199435.031250 142317.296875 1.401341
521 239 2442.202393 2676.490234 27.177410 94194.757812 82333.429688 1.144064
522 209 805.065491 1866.300293 26.550526 81075.000000 66255.460938 1.223673
523 330 2489.044189 1900.390747 31.176670 161531.046875 159223.906250 1.014490
524 109 1006.790466 1788.702148 22.899319 32695.240234 24462.046875 1.336570
525 136 3609.395020 1701.155396 23.451006 39983.859375 34809.300781 1.148654
526 341 231.543274 2275.069824 31.514437 181275.890625 157391.593750 1.151751
527 271 3437.325439 1899.499756 28.649670 117969.023438 104468.750000 1.129228
528 244 726.609131 2117.081543 27.212275 95478.367188 85205.562500 1.120565
529 55 2802.709473 2083.329590 18.747063 10791.229492 8538.649414 1.263810
530 112 14.110311 3339.841309 22.089792 44301.957031 10349.440430 4.280614
531 132 4454.315918 2372.316162 22.568485 51259.453125 15972.968750 3.209137
532 132 659.470703 1701.244751 23.205269 39432.128906 31647.832031 1.245966
533 224 1926.412720 2700.908936 26.421545 82467.546875 73906.421875 1.115837
534 403 548.967102 2049.485107 32.527988 222813.281250 203588.937500 1.094427
535 261 1578.817871 2174.814453 28.324547 108076.085938 101318.976562 1.066691
536 425 719.467590 2541.564941 33.517941 256147.500000 221319.781250 1.157364
537 239 63.750080 2216.677734 27.663509 94412.117188 88487.351562 1.066956
538 265 1035.550781 2541.395020 28.289345 116431.085938 95644.976562 1.217326
539 336 784.842651 2372.794434 30.395205 168016.093750 142403.703125 1.179858
540 5 4.640852 789.412048 6.146169 155.095978 33.781013 4.591218
541 9 3.058820 3648.546387 9.407898 712.011169 84.565681 8.419623
